158.524,-79.482,-12.3922,-12.2961,-6.59455,-1.26962,-2.49487,0.282886,-4.76252,-5.74406,2.30536,0.813274,-2.34477,
158.948,-76.3089,-8.39534,-12.4174,-6.0175,0.307188,-1.09415,2.7293,-0.654265,-0.778602,1.60371,1.64185,4.31652,
155.057,-79.9905,-18.5147,-18.5146,-7.82626,-9.90729,-3.52007,2.15767,-0.620026,2.83373,0.871165,1.57772,5.44451,
146.791,-80.8369,-17.14,-11.8186,-2.98385,-5.20212,-7.53875,-3.60058,0.0274768,-1.99268,-2.52827,-2.38561,2.93208,
151.44,-78.8258,-13.2124,-9.0562,-3.39133,-4.22645,0.806001,-2.12967,-4.44903,1.94442,-0.532017,4.32801,1.35968,
148.469,-86.1947,-18.2302,-11.4304,-1.77551,-4.27027,-4.46305,-6.80078,-1.51311,2.04587,5.18944,2.46065,-2.92698,
153.521,-76.1366,-14.8043,-17.6201,-8.1348,-8.84558,-1.10322,1.16818,1.45879,-0.0113716,4.35695,0.34009,-0.793009,
274.698,-45.8792,-31.3061,-9.19972,-18.4108,-7.29017,7.67323,7.13405,-6.93975,2.14015,3.10584,5.02931,-3.73649,
488.586,-41.3593,-57.5029,-1.77032,-36.8132,-2.0657,-4.7619,12.8791,-1.64442,5.76503,-1.95614,7.61209,-12.1748,
526.908,-12.7394,-48.7976,8.34272,-21.359,6.58792,-3.74717,7.0549,-1.63984,2.32504,-4.13772,6.11075,-9.84976,
444.683,27.9848,-22.4896,6.20095,-4.08929,-7.01253,-6.82549,5.02376,2.43857,0.0186782,1.49328,2.99587,0.974931,
365.734,32.1157,6.43671,9.56493,4.34213,-3.34008,-0.346164,2.48861,0.632846,-6.9591,-1.84675,5.60206,2.08096,
333.227,25.8936,10.4692,8.6379,8.57038,-3.28814,3.42251,0.220868,-2.98932,-7.8922,-3.10255,-0.803959,2.40767,
333.922,10.3559,-2.16898,18.7523,10.3765,-0.194338,4.05601,-3.09649,-3.16163,1.89535,-1.75988,-5.47936,-2.97712,
389.249,-2.00074,-27.6425,31.5237,-2.83179,-4.21343,3.56191,-5.60666,2.93765,0.0865469,-7.79941,-2.1594,-3.68149,
400.76,6.50777,-27.7215,29.0793,-2.47557,-10.072,-4.86799,-7.14599,6.14671,-1.53122,-3.46619,-1.02431,-4.03621,
345.075,6.86432,-9.18558,22.5258,10.9687,-14.2454,-8.24577,-7.09785,-0.254143,-2.87568,-4.86172,-0.715385,-4.08759,
299.372,3.43214,12.8561,11.8808,14.2941,-0.0368428,-3.07287,-6.69612,-1.53517,2.62614,2.05909,-4.42183,-9.22323,
260.304,-4.38232,23.991,10.8327,13.6184,4.37914,-1.74616,-2.95032,-5.45992,-1.80647,8.07305,3.65827,-7.65821,
236.674,-14.9327,29.1975,17.5171,16.4718,8.24657,2.6671,-1.27492,-4.75604,-2.01115,2.04258,3.93896,-8.39747,
225.2,-22.9773,28.9381,19.4471,18.5217,19.5631,16.5635,0.833494,-8.97531,-2.83732,4.72027,5.73658,-3.5084,
220.84,-25.7737,24.8935,16.116,17.8119,19.0679,15.0445,0.444154,-10.2653,-5.47057,4.67938,4.1074,-1.60444,
210.423,-34.4504,17.7493,9.05811,17.7299,18.6779,15.2561,2.00077,-8.95855,-5.53854,-0.460317,4.00827,0.706916,
195.204,-36.2871,18.5202,6.19514,17.6398,22.3296,18.1056,3.65309,-4.724,-3.03393,-1.57819,-2.58911,-2.89175,
207.245,-31.4293,14.805,11.1526,15.7121,19.949,15.1203,0.50967,-1.96165,-5.95874,1.02575,4.91857,2.45488,
207.873,-41.0784,9.16826,7.04211,9.64601,12.9105,13.583,9.18665,2.80062,0.447203,7.614,3.15117,0.418607,
195.491,-48.9967,7.71511,8.69876,13.2728,14.985,14.5757,8.70513,4.02837,4.16136,6.83055,4.74411,2.38628,
197.794,-45.8416,14.4275,14.0128,10.7289,7.11385,17.8498,17.0949,4.57572,2.81746,6.9858,3.72449,2.21183,
195.213,-47.7629,7.07574,3.32717,13.6654,9.45276,9.00055,14.2894,9.24693,8.6238,5.09752,1.07077,-0.143682,
189.543,-49.6372,6.94403,6.7946,10.536,9.91672,10.8512,9.4738,9.05116,7.67006,5.84438,-0.49474,-1.07312,
183.516,-53.8246,2.49313,-0.166963,5.71461,2.42826,5.48566,3.19706,2.80833,9.93588,5.33204,2.99817,-2.27226,
161.976,-73.5493,-8.31594,-3.86418,3.68157,1.00174,1.24188,0.329593,1.06856,1.91739,7.65105,2.53439,-0.58605,
155.98,-76.9475,-12.1302,-10.7068,-4.53001,-7.02901,-0.956098,2.27488,5.65201,3.83322,0.629992,-2.40245,-2.63648,
175.037,-63.0471,1.22634,2.36749,7.64318,4.3848,1.86245,3.00766,5.27081,7.17293,6.45463,0.742431,-0.706283,
175.852,-51.2557,8.92122,0.0108542,12.1225,8.93131,8.4367,8.38053,7.43379,7.40848,0.690177,0.137934,2.63319,
182.017,-52.0415,5.76204,4.89621,16.0837,14.405,9.60273,8.62739,10.9115,9.50534,9.19238,1.80583,4.71941,
189.176,-48.8346,6.02284,3.72952,14.9517,14.9961,11.986,6.15587,10.9843,14.0639,8.29928,0.0384078,-2.30455,
188.912,-48.5151,8.75696,3.393,7.54631,8.05563,8.76635,5.02633,6.7462,6.86419,3.8025,-1.29815,0.625506,
164.4,-55.6606,2.10718,-1.43678,5.09123,4.78657,2.72243,-1.67011,0.579671,2.68079,4.63067,3.09524,4.07614,
152.136,-74.6602,-10.4973,-12.2665,-2.7067,-0.227726,-2.82937,-0.205453,0.39328,5.59323,1.67971,-0.327132,3.06677,
139.946,-78.6106,-10.3774,-7.90844,-5.23975,-5.21624,-0.979715,-2.98897,-3.3149,0.822013,-0.0205135,0.185894,0.426134,
171.415,-60.4968,4.74299,1.49258,9.79609,5.298,6.66632,3.0869,-3.8955,-2.85583,3.78988,0.330696,0.870286,
173.641,-58.521,7.72441,3.46042,7.28139,2.79915,4.7038,5.46851,-1.5236,0.178052,2.30735,4.04645,6.73943,
182.037,-56.9489,3.05855,-3.20684,9.70199,7.934,5.366,2.94985,2.43355,1.75649,5.4157,7.63636,4.25501,
182.803,-53.511,0.0996108,-2.38195,6.24125,6.35676,3.31349,4.68743,3.81721,3.61963,5.34723,8.31184,6.86045,
172.746,-55.6136,2.57086,-1.9591,1.46061,1.36947,2.5721,4.05543,6.44159,2.15428,3.30482,6.23519,7.21234,
169.603,-53.8461,5.7864,5.03827,4.75109,0.554502,3.3925,-1.20867,4.2984,3.98353,1.05697,-3.27114,2.72445,
177.885,-53.8664,-1.11343,-5.2378,2.54882,2.02946,2.83679,2.8105,1.19056,0.208312,-6.23869,-4.03386,1.148,
155.603,-81.6468,-12.9244,-13.4454,-5.91173,-4.53122,1.29533,1.10858,0.316843,1.80861,-4.45146,-5.04712,-5.81495,
147.245,-76.1183,-11.5642,-15.6844,-6.70129,-0.0424633,0.182312,-2.98006,6.0664,1.92475,-7.1754,-8.4291,-2.26216,
150.707,-76.8544,-11.8215,-12.7163,-10.9958,-10.5785,-6.04713,-3.60649,2.87207,-1.72458,-0.41931,1.09693,1.52799,
151.748,-80.9504,-8.76496,-8.79124,-7.99164,-8.91533,-8.15376,1.38846,-0.17807,-3.66731,0.495475,-3.02901,-4.12423,
159.226,-76.9247,-10.2847,-12.2355,-5.11201,0.992011,-1.08882,3.26452,1.7675,-1.01241,0.0206704,-0.365149,2.42365,
157.075,-78.8722,-16.6988,-17.7924,-8.64911,-9.49364,-2.99065,0.82032,-1.20651,2.03371,1.97707,2.52673,5.5732,
144.137,-83.1767,-20.2589,-15.6778,-4.53518,-7.53564,-8.78238,-1.74807,2.58792,0.330637,-0.718028,-1.9334,2.63297,
148.99,-81.5317,-14.8432,-8.13137,-3.27741,-2.65446,2.62399,-0.708114,-4.94617,0.328593,-0.971284,3.07683,1.21728,
150.249,-83.7095,-15.9177,-10.0405,-1.49361,-5.50047,-5.3526,-9.34436,-3.59432,2.8371,3.86202,2.38593,-1.59415,
145.985,-83.3455,-17.8367,-16.0197,-5.33863,-7.46407,-2.66097,-1.61275,-0.944472,-0.278558,5.96823,1.40681,1.24476,
163.257,-78.4944,-15.61,-11.0372,-2.52391,-5.09313,-0.970641,1.4429,5.22142,6.98686,2.66742,-0.289429,-1.90167,
146.904,-76.9899,-8.95384,-7.94196,0.275415,-2.3756,-4.40619,-3.55429,0.15761,3.51795,5.42243,2.35198,4.49165,
152.022,-73.1632,-6.38474,-8.99725,2.82158,-4.08659,-0.439367,-1.34441,0.805126,4.60235,-2.98777,-2.82609,0.137889,
146.814,-82.3915,-15.2413,-12.5766,-1.54675,1.52987,-1.65228,-0.483647,3.79777,-1.98243,-2.44157,-6.64765,-2.0951,
145.416,-79.1279,-12.4827,-15.3406,-3.91049,-6.0058,-6.09036,-3.99351,5.51602,4.97236,-1.20088,-0.767451,-0.640854,
147.414,-73.7471,-6.39862,-1.97127,-0.486507,-3.86276,-3.28448,-6.86783,-0.107957,1.46484,0.281903,-4.20407,-1.05188,
152.736,-68.0518,-7.17577,-8.21207,1.63037,5.28852,1.19395,-1.39332,-5.58264,0.310256,1.37441,-2.0359,0.0569539,
148.234,-79.5783,-17.614,-19.2629,-5.20065,2.9026,0.925011,-3.65035,-0.478765,4.31113,0.616479,3.26254,4.56096,
157.96,-79.6715,-22.4989,-20.9448,-9.43326,6.34108,8.78644,-6.35777,-13.754,-5.45793,1.66396,4.25845,2.98406,
171.524,-74.7118,-19.9939,-21.5996,-9.44678,3.23901,7.38056,-5.69204,-15.9931,-7.26467,1.76294,8.17061,0.810568,
167.826,-78.171,-19.0902,-19.335,-1.19658,11.3797,8.58217,-2.08076,-9.8093,-5.67233,-2.76547,4.76116,-1.84179,
171.998,-73.5555,-18.8845,-19.8872,-4.20241,5.50941,6.16377,-3.26691,-10.7541,-8.79162,-0.894513,10.9963,1.35837,
166.277,-75.4585,-21.9237,-17.5795,-4.38294,8.79823,3.72267,-6.95032,-10.7018,-6.00922,-1.59767,8.4962,3.78172,
147.606,-79.1356,-17.7243,-15.9738,-8.65243,1.50348,6.04767,-4.59653,-7.51385,-4.00541,-0.718497,-0.528301,-1.99853,
143.145,-76.6387,-14.3118,-10.0142,-7.45637,-11.1143,-4.40212,-5.90465,-2.44939,-3.91054,-4.39884,-4.86015,0.279625,
156.293,-76.1716,-12.0353,-16.4609,-6.16078,-3.68384,-1.89466,0.149433,0.34057,0.989615,-3.34102,-3.45055,-4.03269,
145.044,-84.0999,-16.9767,-15.6341,-3.97899,-2.21286,3.43649,2.23233,2.92782,2.40847,-7.51057,-6.88059,-2.49074,
151.353,-73.2126,-8.86883,-13.8849,-9.36489,-3.89017,-3.10676,-4.43266,5.64946,1.42734,-4.4467,-6.13737,-0.802662,
150.593,-80.0493,-11.969,-12.1572,-9.7561,-7.69582,-6.95862,-1.86437,2.90924,-3.22272,0.866258,-0.269927,-0.218406,
153.332,-80.7666,-10.6376,-8.04662,-4.01376,-2.26919,-3.77346,2.50472,0.0760026,-2.61334,1.63502,-1.11627,-1.8397,
159.527,-75.9813,-7.70715,-12.6328,-7.30296,-2.00747,-1.2345,1.87824,-2.62792,-0.891967,2.6533,3.05687,5.10562,
152.642,-81.4947,-20.2685,-18.9653,-6.64073,-10.1479,-4.61429,2.99034,1.72268,4.10669,0.222821,0.309337,4.94868,
146.569,-82.0873,-17.028,-8.70798,-1.69156,-2.50209,-4.161,-3.11274,-1.12598,-2.07849,-1.64885,-1.40526,3.20805,
152.374,-77.224,-11.6983,-8.60588,-2.81858,-3.8251,-1.27218,-4.18643,-5.41664,2.12243,0.503062,3.96172,0.0532155,
146.342,-88.2747,-20.734,-13.4558,-2.60578,-3.40583,-2.17931,-3.39265,0.54028,2.23615,6.71919,3.0063,-1.80416,
152.426,-77.2379,-13.1112,-12.5364,-4.62932,-9.11999,-2.52932,-0.745914,2.98019,1.89076,1.96135,-0.955944,-1.04125,
158.831,-81.8243,-16.0571,-10.4859,-1.92327,-3.45223,-2.83281,0.11708,2.17951,5.1517,6.00162,1.39681,-1.37044,
146.598,-74.0465,-6.84933,-10.4364,-1.90444,-4.47514,-3.96633,-4.76273,-0.053771,7.2733,0.978695,1.24843,5.6405,
149.653,-75.2296,-8.85462,-9.6318,3.90519,3.27776,3.54019,2.30775,1.76149,-1.90611,-2.80114,-4.31938,-0.72301,
142.027,-86.4785,-19.593,-18.2447,-5.38165,-3.4878,-3.80624,-0.186114,8.73693,3.26434,-2.14198,-4.99007,-2.54888,
150.65,-76.4383,-8.07449,-7.04303,-2.17974,-3.82962,-5.70576,-7.48248,-0.261129,2.73521,0.428256,-2.1159,-0.00387001,
156.241,-85.1004,-2.04829,-11.9951,-0.237172,1.23548,-7.30977,-0.415811,-6.4883,8.49197,-5.35521,1.47943,-5.09055,
176.433,-94.2863,2.76985,-17.9115,-0.133219,4.75576,-5.04431,4.39467,-15.1727,9.93427,-7.94869,6.10305,-9.31834,
177.982,-107.682,4.97717,-19.2394,1.30599,-0.581791,-8.31308,10.0551,-18.4612,12.2555,-10.0708,6.82441,-7.49389,
191.683,-98.468,12.3549,-17.5609,2.76751,2.68973,-3.34839,18.0126,-16.8739,11.7363,-10.2642,4.42441,-7.88649,
189.018,-106.536,14.6513,-18.453,4.32668,0.740767,-8.51728,20.1768,-12.427,13.9605,-12.6993,3.33467,-9.60409,
205.776,-105.005,16.9934,-21.4707,1.51977,8.34208,-10.7609,14.5861,-16.3851,9.82701,-11.7128,3.85245,-5.51666,
226.855,-100.33,25.02,-21.6576,4.4825,11.2977,-15.917,17.9807,-18.5227,10.4575,-6.97696,8.46077,-7.2774,
283.086,-93.0045,9.20344,-29.2795,-1.29957,18.5774,-1.34972,16.4607,-27.4576,13.2836,-8.57047,-0.312094,-2.03346,
328.936,-87.0785,-9.53416,-33.2522,-3.65649,6.00196,0.359826,26.819,-29.1626,12.2351,-12.112,-0.341268,2.3191,
381.18,-67.9506,-14.6035,-31.6414,-14.5953,-10.334,-5.66122,18.1526,-30.7047,11.4608,-13.4221,4.58118,10.712,
418.92,-42.771,-1.2663,-10.6123,-12.6373,-3.14303,-14.8219,12.9627,-27.217,-1.83834,-18.9407,-2.73802,4.09179,
487.303,-26.1363,-22.9184,4.75935,-9.49099,-23.9337,-24.7217,10.2641,-32.4885,-3.15746,-20.1925,-3.24142,3.1717,
512.055,-18.9617,-45.9241,6.93687,-21.8675,-31.0047,-18.753,5.35599,-29.6284,-4.66648,-20.7295,1.18633,-3.42022,
519.938,-15.179,-59.6745,4.25015,-26.2981,-40.14,-12.5755,-5.2683,-25.8609,-6.11696,-24.9167,2.90344,-9.13101,
532.471,-7.8695,-62.0576,8.31525,-21.0928,-39.9038,-6.06258,-3.00444,-22.1502,1.78087,-25.1269,11.5838,-12.4965,
550.211,-6.44475,-60.3898,10.1265,-17.6575,-40.5011,-4.63681,-0.568938,-18.4236,3.71669,-24.6363,13.86,-15.8707,
557.064,-6.01028,-66.4749,9.01816,-17.0051,-43.6813,-5.18025,-0.169971,-12.315,1.69064,-22.147,13.1511,-16.1469,
560.516,2.15176,-70.6161,12.411,-16.0497,-43.8904,-6.1343,1.85858,-9.87717,3.21845,-19.9327,14.6145,-15.5669,
565.105,4.64493,-67.6025,10.416,-12.7226,-42.466,-5.65571,6.30257,-7.53168,2.86055,-16.6557,13.1348,-14.5224,
563.225,5.03507,-68.8463,7.05917,-18.0463,-39.8822,-3.29498,8.91158,-6.02096,2.87316,-15.4643,17.305,-16.5688,
560.71,-5.02496,-73.8203,3.03125,-29.3929,-40.38,-6.88177,8.91342,-6.01242,-4.17714,-17.4127,17.9987,-16.9987,
560.026,-3.52839,-65.5424,5.88892,-21.2297,-37.9015,-1.77029,9.08036,-3.1489,-3.52578,-22.0005,20.7426,-14.277,
556.724,-4.04996,-60.3708,12.5555,-17.2775,-39.5207,-2.58972,1.1932,-8.32796,2.22172,-30.477,22.4775,-7.83816,
550.582,-11.5801,-69.8848,4.60835,-16.5634,-45.6031,-11.4461,-12.3061,-18.0376,-0.550756,-32.1709,16.2982,-13.3122,
536.195,-11.2863,-65.3534,6.07703,-11.9589,-37.1369,-17.8702,-18.9565,-17.8982,0.706312,-27.1499,7.50139,-13.1694,
518.028,1.27289,-51.091,5.42264,-4.5498,-21.5827,-10.9257,-13.065,-13.8993,3.18977,-20.9248,4.03723,-6.0642,
490.909,-7.7768,-47.4932,-8.20689,-17.1188,-28.0705,-20.8148,-11.0582,-18.4164,-5.22971,-27.9599,2.2977,-8.15682,
466.948,-13.5735,-31.9261,-9.8273,-10.684,-25.8123,-21.5166,1.78577,-16.0749,1.10912,-22.0424,10.0584,-2.28898,
450.244,-20.884,-12.3145,4.49793,-3.98287,-21.1823,-22.0356,6.73452,-16.8748,-0.140517,-24.2419,-0.376998,-9.5392,
429.18,-25.4109,-12.1443,-9.21749,-6.3181,-16.9898,-20.5519,4.5052,-25.1803,-2.40789,-23.3781,-6.24895,-12.7717,
408.977,-33.3205,-13.7233,-16.2188,-6.98849,-14.0826,-20.1771,6.12373,-23.4141,-2.72622,-29.4919,-5.97845,-12.3886,
399.933,-43.3475,-16.5607,-13.4714,-11.0913,-17.2742,-12.8047,7.50054,-26.6791,-4.61127,-25.3277,1.29711,-11.7026,
394.576,-48.6888,-11.583,-8.41401,-8.30733,-8.98983,-10.5923,9.10234,-20.6322,-3.01665,-18.4152,1.99182,-16.4092,
401.098,-59.6563,-9.93123,-18.5799,-13.564,-7.53925,-12.4412,12.4028,-21.3511,-1.49826,-17.9162,1.8615,-16.2781,
405.946,-54.9121,-13.5883,-22.7484,-17.3864,-9.09297,-17.8195,13.3802,-28.9316,-1.05141,-23.4742,3.97611,-6.52097,
449.901,-30.3703,-14.143,-6.32467,-11.3332,-13.5364,-24.242,1.10553,-25.888,-0.414995,-21.7248,3.87036,0.263156,
505.819,-10.3819,-44.8892,-3.40466,-18.0438,-25.7975,-20.6939,-4.45154,-22.256,0.609682,-22.7174,1.35442,4.68978,
518.618,-1.42239,-52.8989,2.58918,-20.6427,-36.7961,-11.0667,-2.72813,-15.6521,-0.368986,-24.3984,7.5048,-4.03752,
519.172,-4.73453,-55.6938,4.56599,-21.3319,-39.3018,-10.6667,-1.18657,-9.87852,1.55263,-22.6032,11.0922,-8.06578,
524.424,-7.02972,-61.2679,6.54089,-16.3301,-39.5412,-12.9097,-6.1138,-10.5046,5.08538,-22.3646,10.9926,-8.75999,
542.098,-3.66722,-70.0977,5.64331,-15.8231,-40.269,-11.7044,-6.24865,-10.4055,4.52622,-22.084,9.42099,-13.1685,
556.057,2.52443,-64.6078,6.37747,-14.6971,-37.6965,-2.81601,-0.556646,-11.7357,1.40057,-20.8933,7.201,-8.79589,
555.472,3.84872,-67.0508,6.68427,-13.1678,-38.2733,2.04512,3.73518,-14.9211,1.26123,-28.441,13.5977,-17.489,
561.712,4.15955,-70.6323,5.02069,-15.7699,-38.1044,2.6177,3.52831,-11.397,2.12053,-28.6067,14.3064,-20.3131,
563.124,1.30462,-75.0357,-2.49241,-22.5075,-42.0788,-4.73808,-4.83693,-17.3427,-1.00355,-31.8054,6.81871,-22.0196,
574.885,9.4328,-68.568,4.38167,-16.4952,-35.6921,-0.280408,1.56618,-13.7466,5.46211,-24.7962,12.2274,-19.3728,
572.324,11.5659,-68.123,5.07469,-15.5092,-36.4447,-1.6613,4.63218,-12.3281,2.04885,-22.0827,13.0498,-19.0743,
552.21,19.4411,-67.4719,6.17846,-14.4536,-39.629,-3.61089,4.14562,-9.54009,-0.71228,-21.279,9.84344,-13.1852,
505.928,26.0316,-68.1691,-1.77062,-13.5451,-41.7525,-13.581,-4.64747,-8.64509,-4.56626,-23.9945,4.82017,-6.34644,
461.711,28.2236,-57.5677,-0.75205,-9.25574,-40.4531,-9.22652,-6.13867,-3.55184,-8.06782,-13.5814,9.17793,-6.48303,
441.604,26.3435,-50.9652,0.837287,-12.0421,-38.9029,-14.2009,-8.91189,-3.70931,-6.82364,-5.84337,6.9781,-2.67879,
431.306,29.0034,-49.6572,-1.16027,-9.43916,-38.1954,-9.56751,-7.87005,-8.18318,-8.45562,-2.53477,0.267161,-4.31679,
432.516,37.8074,-48.6804,2.14748,-0.0322175,-40.7509,-15.5448,-0.234856,-8.25873,-5.29419,-1.47401,-3.43832,-6.45117,
430.348,31.5845,-51.3582,-0.290639,-2.30942,-43.1246,-17.8327,-6.65936,-11.6421,-4.18051,-6.696,-5.50452,-9.48323,
439.287,38.459,-47.8357,2.33601,2.74588,-35.8475,-9.63409,-10.0001,-12.6134,-3.23219,-2.57497,-4.97363,-8.97663,
468.347,27.8744,-53.1103,12.4781,-5.04255,-34.8516,-4.10216,-15.2371,-19.8688,-2.48772,-8.97775,3.12558,-3.6614,
504.507,17.2505,-53.3484,13.1961,-18.708,-42.9991,1.45658,-14.5429,-29.1703,8.40571,-19.5858,9.45385,-9.03943,
507.188,12.255,-42.1746,14.0771,-26.2838,-29.8684,5.20994,-15.4452,-26.8492,9.73031,-25.8367,12.1379,-9.71042,
509.517,7.05884,-38.8656,14.2257,-28.6134,-25.2711,1.02783,-13.9906,-26.5513,8.92328,-26.0578,9.00911,-9.30273,
507.582,4.62361,-39.2317,14.648,-29.1206,-24.1522,0.864889,-15.5537,-28.7315,10.1012,-26.3645,8.48532,-9.31622,
503.272,7.31935,-41.1737,15.2729,-27.5431,-25.9312,3.31919,-17.7163,-28.9361,9.59276,-24.9223,7.91335,-8.89138,
502.334,4.37459,-40.5806,16.4197,-28.5409,-26.6349,2.60836,-19.3536,-27.2826,7.94403,-26.8667,8.63076,-9.66813,
494.406,3.38588,-41.5841,14.7566,-28.9533,-28.5196,2.9682,-22.129,-28.2512,7.00768,-28.6514,6.64404,-11.6055,
484.677,8.74983,-44.4056,15.9915,-25.6131,-29.0211,4.1485,-21.4235,-26.9793,5.76133,-24.8705,2.28647,-10.2176,
472.708,12.8383,-40.8321,13.9769,-19.8411,-25.9611,2.55467,-17.486,-28.4264,7.64765,-20.0629,0.753954,-8.95198,
454.958,13.0583,-41.8041,11.3879,-14.2533,-27.6471,-2.26173,-17.716,-30.7232,3.71465,-13.1906,-3.80844,-9.22088,
436.059,15.8313,-38.9962,17.6425,-4.98007,-31.7651,0.277826,-17.4857,-31.598,2.34408,-4.54501,-11.8173,-3.09227,
418.432,22.5577,-37.2429,19.6613,-6.48898,-41.9765,-3.03511,-16.3474,-24.2376,3.88977,-1.62908,-15.2923,-4.72843,
410.059,26.326,-32.2741,20.3091,-6.98407,-40.9545,-6.70461,-15.9388,-25.0115,10.2741,3.07757,-14.6658,-9.19998,
395.425,25.4951,-26.2076,14.2394,-9.19111,-42.9015,-7.07438,-16.609,-26.8125,6.25674,2.02585,-17.2038,-13.3479,
367.617,26.7312,-6.62414,12.22,-14.4004,-38.9751,-3.92237,-11.5436,-20.4133,2.27638,-3.37912,-22.7735,-13.778,
337.668,20.814,6.35746,16.8838,-21.1805,-42.2891,0.370574,-9.41617,-21.0623,1.52789,-3.11622,-24.0138,-15.6143,
307.805,14.3388,23.749,18.5586,-24.0562,-36.4194,-0.00772619,-5.77234,-18.1234,-2.58229,-6.28733,-19.4009,-10.0196,
330.14,17.9827,1.8611,5.0461,-3.11843,-21.2478,-7.14559,-8.32509,-12.4076,-1.15232,-14.6412,-14.8546,1.49839,
390.814,27.2762,-31.4753,-5.30806,0.824503,-15.2711,-15.3225,-14.2359,0.322183,-10.9891,-16.0449,-6.1988,2.60833,
435.62,31.6718,-43.9367,-7.9069,-9.6255,-25.6798,-16.6545,-26.3982,-7.04013,-6.37791,-7.45839,-6.11249,-2.90472,
465.4,40.2038,-50.8393,-2.88224,-9.59439,-33.6784,-6.33252,-18.4516,-14.7025,9.98407,0.304474,-5.42848,1.12221,
489.956,33.0343,-60.3864,-5.30985,-21.0686,-29.3802,0.640097,-20.8578,-17.4659,15.9527,-3.0404,-2.56674,-4.13329,
516.196,27.2109,-64.2925,-6.90799,-25.8148,-24.6057,2.51306,-21.7827,-15.6902,21.0372,-7.91547,1.98187,-6.94424,
526.886,22.6381,-58.445,-3.6663,-32.2765,-20.3708,7.40727,-15.3743,-14.7556,23.0786,-10.531,4.05623,-6.59218,
527.184,15.875,-64.4688,-12.9906,-43.6183,-24.2574,5.48257,-21.6442,-18.5092,14.4381,-14.1084,-4.17421,-8.02463,
536.35,27.7915,-58.6718,-7.274,-38.7139,-17.1412,15.6725,-12.0612,-11.5872,20.9382,-13.7214,2.47955,-2.27218,
535.952,26.4953,-60.8933,-14.4119,-40.0054,-20.2454,17.7572,-12.1399,-13.3084,18.9688,-17.5711,1.13831,-1.61321,
537.657,28.5537,-60.4942,-15.3375,-40.2964,-20.989,18.9147,-13.1049,-13.7233,20.9289,-20.702,1.98846,-3.24422,
542.913,25.554,-59.6588,-17.3821,-41.0234,-20.5082,16.9413,-11.4512,-14.2387,21.8291,-21.061,0.561653,-5.21904,
542.863,23.5969,-67.6883,-22.9924,-41.0809,-23.7781,13.4291,-12.9063,-18.1899,18.9053,-21.1331,-3.71931,-8.12371,
550.638,22.8884,-64.6923,-18.8488,-35.4968,-21.9635,13.5221,-8.96152,-14.8964,23.4017,-20.9034,-3.72774,-9.24299,
550.749,14.7529,-66.9806,-19.1085,-35.9321,-28.6637,7.57162,-13.3996,-13.2624,25.244,-26.5493,-6.6008,-17.7745,
554.943,15.9433,-68.5517,-16.4088,-28.8114,-29.1624,6.18418,-14.21,-10.6845,28.3053,-27.4762,-3.49118,-20.6415,
555.361,16.7693,-66.7266,-9.24582,-27.6321,-28.4244,6.27299,-12.7983,-9.14752,24.074,-22.7827,-0.778578,-18.926,
543.825,14.3634,-68.0687,-7.81871,-28.908,-31.9889,1.62316,-17.9083,-12.7585,17.5063,-22.4761,0.10802,-19.9969,
510.966,23.8611,-64.2616,-7.09178,-26.0375,-28.0253,-1.62811,-24.6396,-19.0777,8.98535,-19.7156,-3.17202,-18.1697,
471.189,29.9942,-54.8602,1.24859,-11.4633,-21.626,2.18538,-30.3138,-17.113,-1.79951,-19.2138,-8.88611,-8.33282,
448.537,28.2365,-49.1475,10.4887,-4.10021,-23.712,-5.81212,-31.8928,-19.7514,2.49593,-13.6489,-12.2191,-5.1987,
434.49,33.8651,-40.1286,7.96733,-11.4624,-26.9562,-3.28063,-22.8256,-22.4044,0.445549,-9.89311,-14.188,-5.99982,
433.141,33.925,-34.2846,10.6476,-8.88382,-28.7705,0.753323,-20.0984,-22.1229,-3.67293,-5.9085,-13.7224,-6.88092,
431.247,34.4672,-40.5873,8.53578,1.9118,-30.9331,-5.4238,-16.8927,-22.8231,-9.61361,-9.41739,-11.4618,-3.70976,
472.083,31.0137,-52.599,13.3317,-6.01004,-40.2988,-4.34782,-7.88262,-22.4398,-3.05061,-11.6496,6.59621,-7.37633,
495.291,22.4037,-50.0358,13.4117,-12.2042,-46.4596,-4.82354,-4.81963,-28.0743,0.428141,-16.2956,11.3507,-13.2184,
501.114,13.2505,-47.6404,17.7534,-15.8357,-45.5004,-4.81761,-4.5916,-30.8827,-0.274851,-17.6257,10.4824,-12.7486,
496.123,15.7285,-39.655,24.9092,-14.3447,-49.2733,-0.506775,-2.75365,-29.1031,3.12942,-18.6828,16.1232,-10.3823,
483.309,18.4309,-35.7679,22.9947,-15.1549,-52.1802,-1.76885,-7.68378,-31.3981,1.66111,-20.1626,13.6408,-9.83332,
484.701,18.3857,-29.7173,22.5814,-14.1484,-44.5401,-2.8938,-7.74005,-29.1963,-0.216372,-17.9729,17.4097,-8.13644,
477.434,20.8888,-26.572,22.8534,-8.46798,-40.1917,-3.83029,-7.24407,-28.4853,-0.076263,-16.067,15.2273,-6.94655,
463.692,28.1225,-23.451,20.1159,-7.51669,-36.9099,-1.10258,-9.35192,-30.2613,0.127981,-14.4815,15.1662,-5.20301,
442.269,37.8034,-23.1259,17.0271,-2.21803,-36.802,-7.3401,-10.5523,-27.6159,-2.4566,-10.9857,8.49687,-3.37854,
434.742,31.8671,-20.8344,20.7814,-1.70574,-39.1075,-8.49042,-9.95195,-22.0287,-2.55392,-11.9666,3.10177,-4.67784,
411.851,33.4225,-13.8143,17.74,-1.21745,-36.6616,-6.87768,-5.44633,-22.6388,-5.88952,-10.5292,-5.01868,-2.78759,
387.468,38.2487,-5.97049,15.4,1.13191,-30.1052,0.16679,3.49599,-19.6149,-11.9831,-8.49214,-2.49614,-0.214678,
351.985,34.2803,4.84848,13.4143,2.74524,-23.9972,-6.22986,0.417031,-16.2711,-12.4186,-4.2483,-2.03734,-12.4118,
316.093,28.858,20.0016,3.42477,-3.57062,-18.7278,-12.342,-4.96431,-13.0505,-7.80825,-2.80558,-2.81077,-13.1276,
289.676,15.0989,22.1995,8.79055,0.390518,-17.4763,-10.9561,-6.41618,-12.9102,-2.8927,2.61725,-4.5111,-15.2218,
274.095,8.27619,38.9612,18.2409,8.79879,-8.39165,-16.4406,-21.7145,-21.5738,-6.4921,-0.252987,-2.17453,-10.7517,
261.507,1.23224,28.8945,10.0428,9.80663,-2.73201,-9.81798,-18.6566,-21.1058,-8.46574,-0.94751,-4.30261,-11.2467,
272.57,-5.6655,18.6239,-4.7354,5.49116,0.211595,-0.965497,-16.2837,-21.8482,-0.735435,-2.30954,-0.570855,-12.4567,
297.4,-24.0219,20.7745,-10.9887,1.84743,-0.765694,-0.71517,-3.61712,-30.6986,3.13678,-3.53265,-0.55054,-9.99407,
338.574,-45.4806,19.1208,-8.79415,-1.26248,-3.32493,3.50562,11.6421,-35.4043,-1.45385,-8.7853,-6.9121,-6.22094,
367.46,-36.8494,28.6306,6.72293,-12.0319,-19.9828,2.1579,17.6002,-39.3836,-8.4605,-10.7967,-13.3129,-7.60173,
398.487,-19.7047,22.3831,13.2116,-17.4909,-26.8196,-7.60695,11.0594,-31.0258,-12.3834,-16.1107,1.66604,-0.112977,
420.025,1.46247,4.76335,15.8379,-21.6903,-29.7862,-16.0126,-1.64641,-20.3037,-8.21076,-19.491,1.16786,-4.36914,
427.763,10.715,-4.67993,29.5069,-20.6499,-35.454,-16.1371,-10.5416,-16.1557,-1.85424,-15.7986,4.73472,-6.05212,
430.424,13.5988,-8.03899,32.9529,-20.1819,-42.9285,-9.05954,-11.2185,-15.0882,-3.89801,-12.8945,10.9577,-10.1812,
432.606,12.3042,-14.2868,29.6173,-22.4582,-37.0815,-4.5675,-14.3209,-20.0915,-5.24906,-12.5812,13.9727,-10.9092,
440.246,14.0097,-24.0224,27.3641,-22.4355,-34.5873,0.506548,-21.1227,-24.5787,-2.44762,-8.55425,9.21833,-7.23709,
444.964,20.977,-35.6011,24.5936,-17.6803,-33.3148,-0.50869,-22.794,-25.3443,-5.76555,-2.72818,6.20311,-8.79515,
433.049,24.292,-36.7988,23.1483,-10.3795,-30.8306,-6.1416,-24.5247,-22.7832,-7.44802,2.57207,-0.0165439,-5.83301,
415.921,30.4718,-34.5134,13.247,-3.57586,-34.4759,-3.959,-20.9786,-23.2676,-4.85363,3.09037,-15.7206,-7.23959,
401.012,29.0288,-33.8943,7.70643,-3.4429,-38.7525,-3.84345,-16.9203,-27.1948,-2.01199,-1.30994,-18.2525,-8.84678,
390.287,32.9915,-25.312,6.4482,-0.944999,-35.0736,-8.44536,-12.2295,-29.2771,-5.56791,-1.4815,-16.609,-5.61587,
370.047,33.5237,-11.6022,2.90371,-0.252208,-35.0343,-12.28,-13.5634,-24.928,-8.16886,-5.85694,-18.3411,-10.5145,
363.655,34.7246,-5.02845,7.57028,-4.37575,-29.4975,-4.60444,-12.5377,-28.7335,-2.97097,-2.69004,-20.812,-9.43196,
353.829,36.6298,4.66398,2.31164,-8.88441,-28.7526,-2.48325,-4.02717,-25.9504,-9.25501,-1.87082,-22.3628,-11.8319,
358.546,33.0378,2.36155,10.8562,-5.75337,-33.1753,-3.2866,5.51824,-20.9574,-12.2364,-2.45375,-12.8141,-8.60186,
386.49,22.6618,-11.4571,22.5427,-5.24318,-39.3669,4.3709,9.88556,-19.9447,-15.2849,-6.33452,-4.92329,-5.03535,
416.818,22.2364,-21.7731,29.8963,-10.6509,-39.3274,-1.18177,-4.04939,-18.1073,-13.451,-11.692,-3.39543,-7.00919,
438.156,22.2065,-31.4724,39.9717,-13.7316,-43.0898,-4.12257,-8.06424,-9.06557,-14.3913,-7.60856,-3.43835,-1.85805,
466.358,18.953,-45.9754,27.9585,-10.7295,-38.6505,-9.11546,-9.28121,-15.0365,-15.4318,-3.72461,4.04396,-3.74595,
496.083,20.4708,-61.1649,17.0738,-15.137,-42.6968,-6.08248,-10.011,-17.2963,-15.8346,-11.2815,7.7959,-7.70306,
531.138,18.2472,-67.8941,9.05981,-15.767,-42.6744,-2.95227,-7.35401,-10.7233,-7.70567,-19.2013,14.1263,-14.3094,
557.46,20.0269,-71.2869,4.1023,-13.5736,-36.8488,-0.948418,-2.59193,-1.05458,-1.32576,-20.2911,16.7639,-16.159,
568.726,15.3612,-72.8266,-5.61254,-15.5495,-35.5901,-0.847553,0.957636,0.710906,-0.326847,-20.8507,10.9076,-16.5325,
557.862,14.2188,-83.6596,-12.491,-20.0874,-40.4498,-6.00993,-2.03966,-2.93554,-3.34354,-23.6599,-0.441485,-19.6601,
562.854,24.5289,-76.8994,-4.72106,-11.2888,-30.0883,-0.706439,2.1284,4.0131,5.68904,-18.4095,2.84281,-15.5287,
562.875,22.529,-76.1347,-5.82951,-12.248,-28.0421,-2.90289,-2.00129,0.989547,2.64953,-15.3778,0.937603,-14.5568,
556.165,22.8891,-76.4398,-4.40401,-15.0877,-25.7754,-4.03762,-4.6668,-1.30244,1.87954,-15.8633,0.813231,-12.7102,
551.201,21.9912,-75.0143,-5.20033,-16.6059,-29.5985,-3.82165,-7.41038,-6.06239,2.38982,-17.9454,-1.47177,-9.12258,
541.925,30.8007,-71.2366,2.34731,-13.349,-29.5474,2.88366,-6.66472,-5.68901,8.66446,-18.7571,5.01095,-11.0612,
529.036,24.9616,-66.3231,-2.16603,-13.332,-36.3854,0.68419,-11.5423,-9.87756,6.80508,-21.8402,-0.696369,-10.0537,
509.356,26.9784,-58.6681,2.53834,-8.81739,-36.0175,-4.85901,-11.712,-9.97538,5.39847,-23.2675,0.404238,-7.9283,
475.872,28.7103,-49.1344,13.9159,-7.5309,-37.7908,-7.36522,-11.1287,-15.2053,-0.898544,-15.418,-1.35651,-3.01147,
452.087,31.7389,-41.8767,11.4848,-5.6798,-32.9211,-8.60412,-12.9717,-15.6442,0.99362,-13.7524,-3.91897,-4.25281,
435.833,28.8109,-23.4529,6.93477,-2.55736,-30.5649,-4.28406,-9.73583,-11.4406,0.998008,-17.9388,0.664896,-1.63725,
417.979,22.914,-11.4462,-5.90037,1.95338,-32.5757,-4.84222,-6.11283,-9.87077,0.893298,-25.7548,-0.177389,-7.2786,
403.387,13.2249,-6.10142,-2.43645,4.0804,-23.1071,-7.67069,3.86881,-12.8883,0.0251689,-25.2996,-1.41207,-5.58946,
392.373,-2.41125,1.47875,1.97699,9.41131,-19.63,-16.2967,4.10654,-19.4401,3.59851,-23.7624,-5.96003,-6.00113,
374.36,-12.2799,4.03546,-3.22475,9.59219,-12.9947,-13.9339,0.651331,-26.3736,3.21686,-24.7573,-6.31879,-5.26071,
367.899,-19.8098,8.08126,-4.86842,2.47684,-13.7389,-10.7027,2.4352,-23.4854,-0.0104575,-22.1252,-7.27538,-2.88011,
365.97,-35.8703,16.3269,10.2505,-7.6135,-7.17413,-10.728,9.86122,-21.8025,-2.18764,-19.7692,-12.3762,-1.3624,
391.835,-23.3172,5.34769,4.1007,-7.4238,-12.4519,-20.2871,6.55989,-21.5552,-13.7211,-20.3283,-9.46503,-4.88556,
447.778,1.23264,-31.6995,11.17,-4.9977,-29.2923,-19.6247,6.83859,-21.6359,-8.48143,-8.47477,-0.835927,5.52812,
478.437,-1.16098,-53.5733,9.77939,-13.4239,-44.2917,-22.7894,-5.02332,-22.5545,-7.04174,-9.24437,4.27011,-2.91875,
514.516,3.88175,-58.628,9.31511,-13.24,-43.1859,-14.912,1.84232,-8.26037,0.0438476,-2.61578,13.3295,-3.08225,
551.211,10.7761,-64.0961,9.39365,-11.1959,-36.4,-10.8406,10.3185,-2.4123,5.43538,-8.5013,20.314,-10.3152,
566.934,10.0272,-74.327,1.05228,-15.9456,-30.1651,-9.20138,14.0297,-0.552107,0.8316,-11.9449,10.5417,-10.3666,
581.669,11.3406,-71.2261,-6.27072,-18.1392,-24.6536,3.75379,12.8382,2.3675,1.28924,-13.2986,0.520411,-6.003,
591.353,1.04602,-80.5613,-18.6362,-20.9394,-26.0922,2.91785,4.60221,-3.28636,4.7476,-16.7093,-7.46777,-13.1841,
601.839,13.9015,-83.1307,-21.7459,-16.1437,-14.0444,8.87394,2.5252,-9.47787,11.4015,-14.8988,-2.77607,-9.22337,
599.032,13.658,-80.6755,-27.097,-18.9461,-2.55999,9.19951,-2.51027,-9.21384,8.09321,-12.5069,-3.45182,-8.81314,
592.874,14.0624,-81.0416,-29.6138,-21.2679,1.72995,13.9849,-5.97426,-9.39373,6.0618,-10.5456,-3.25166,-7.91321,
592.557,22.9161,-76.2265,-28.5128,-19.2179,4.76334,16.0704,-4.98565,-12.175,6.9127,-6.61163,-0.311869,-6.99753,
588.084,17.0982,-72.7726,-32.0931,-25.8119,4.15785,15.2342,-7.36774,-17.2122,4.57054,-2.96486,-0.042326,-10.7933,
576.802,19.5556,-69.5157,-32.6604,-28.5308,5.82922,12.8917,-7.43234,-16.3346,1.64881,0.0388489,-2.07409,-10.5464,
563.031,33.7755,-67.3869,-23.6185,-29.5392,3.90457,16.0597,-5.55577,-14.3503,2.13128,2.12302,-0.526346,-9.5616,
542.708,37.1949,-68.9226,-18.3112,-38.7095,-5.41987,15.7904,-9.83831,-17.4236,-1.88214,-0.489005,3.43794,-10.0872,
529.887,39.9799,-56.7015,-21.6167,-40.0149,-6.58049,21.3974,-14.2146,-12.9,-1.86761,-2.16365,2.97021,-4.93019,
508.498,43.8831,-44.9007,-19.2692,-45.8925,-13.399,19.6779,-15.5935,-9.89668,-3.20844,-6.98606,6.48693,-4.57818,
482.363,55.8693,-41.9982,-19.4092,-47.4594,-16.0243,19.8211,-21.8022,-13.2758,2.19038,-7.20571,3.26314,-0.610656,
475.672,57.7838,-30.4336,-22.1159,-44.9528,-15.3533,16.4706,-20.3286,-8.46058,4.9645,-10.071,-1.65983,3.47923,
455.168,64.745,-22.2797,-24.1802,-44.8425,-18.6026,18.1734,-22.4915,-6.97301,4.24161,-15.4555,-1.3563,2.01797,
437.713,69.2588,-9.49233,-24.6757,-39.5724,-14.018,15.8008,-15.0243,-10.3956,1.55965,-10.1573,-3.67172,6.9319,
415.814,68.5563,-3.41919,-29.2992,-39.6595,-9.12112,11.3243,-14.5502,-15.4335,-1.03878,-13.632,-7.38431,7.54833,
404.526,67.8047,2.66835,-29.2334,-37.234,-6.77825,9.59107,-16.3591,-16.0848,-1.84671,-21.1097,-4.97426,4.81445,
400.111,64.2835,5.9737,-27.9197,-35.0783,-7.64013,9.97254,-21.0419,-15.7949,-4.60139,-13.7281,-6.16935,-0.745998,
396.282,68.1241,10.686,-29.2936,-34.6231,-6.44855,9.11321,-17.928,-18.5675,-3.99623,-11.0545,-7.5622,1.74779,
406.502,66.9186,6.61349,-30.21,-33.6228,-5.08275,12.9327,-15.1399,-21.5261,-5.92398,-9.06767,-7.32556,4.17198,
407.471,70.8114,4.61126,-31.0866,-34.0805,-7.67345,23.8809,-16.7994,-28.4521,-1.38024,-5.927,-7.92917,3.83282,
418.551,66.5767,-3.88449,-27.1266,-32.5768,-10.5989,22.2297,-14.0006,-33.9533,-2.64877,-2.19669,-7.57749,3.05305,
437.645,64.3305,-24.098,-20.8568,-17.8347,-21.3738,14.0702,-8.99122,-34.5644,-5.3431,1.48919,-6.45878,-1.44515,
447.082,63.2668,-36.3674,-16.8189,-4.60829,-25.8552,0.787263,-8.52691,-26.7351,-6.90239,1.99785,-8.47575,-7.77919,
451.747,64.0624,-43.2195,-18.1515,10.3014,-20.6174,-10.6578,-8.3962,-20.1286,-3.68274,-1.39018,-7.45255,-5.00621,
434.433,63.0727,-40.595,-15.0076,19.0694,-16.4868,-15.0117,-12.1259,-12.4922,-5.34254,-7.82173,-9.3326,-1.16385,
402.33,53.7189,-27.7533,-16.2815,22.1858,-4.48367,-18.8283,-8.29135,-4.63908,-12.3779,-14.6472,-11.0151,-1.37454,
395.856,42.4373,-24.6403,-6.86315,19.0462,-18.6393,-16.8422,-2.77969,-14.0225,-13.2354,-5.0885,-14.888,-3.87589,
409.881,39.836,-40.2594,-5.11493,13.6634,-31.5641,-14.0338,-6.75159,-24.5646,-7.06069,0.85421,-12.0763,0.656459,
438.981,44.7052,-46.5882,-3.28383,9.47993,-31.3497,-14.0321,-11.1249,-17.8609,-5.51437,-1.10345,-9.7835,3.77697,
466.935,52.3751,-52.2124,-3.00003,5.7403,-32.8305,-11.7594,-11.9841,-10.7672,0.33075,-1.22105,-7.69937,3.59375,
483.225,53.1404,-60.0069,-4.49458,0.57184,-35.2872,-11.5433,-8.19273,-8.52968,4.32078,-4.42454,-7.68689,0.0224738,
496.304,57.1628,-60.7305,-4.37856,-3.52769,-29.574,-7.74638,-4.74379,-3.87014,4.31745,-7.49233,-4.21221,-4.0147,
508.508,54.9545,-62.8505,-2.63883,-4.45522,-33.5385,-3.85343,-9.64402,-4.06996,2.4072,-10.3071,-6.89725,-2.84578,
507.584,57.271,-64.9161,0.391553,-4.30315,-31.7735,-2.63424,-8.44419,-1.62743,0.197472,-10.0934,-7.99271,0.737906,
511.532,48.7622,-61.4154,0.0914798,-6.90396,-30.1167,-5.37321,-9.4927,-3.60352,-1.57607,-13.5466,-7.22026,1.12498,
506.794,48.53,-55.4119,4.55464,-6.32289,-25.8675,-5.66812,-10.1193,-3.30665,-0.355453,-14.5902,-4.95612,2.72923,
478.03,44.9254,-47.1093,8.44869,-2.71064,-24.7056,-6.67425,-17.9729,-7.50679,0.39739,-14.8573,-5.49023,0.57287,
418.872,37.2179,-30.3242,10.38,9.70506,-18.9292,-5.21672,-15.5759,-7.11057,1.30799,-13.7188,-12.654,-1.37532,
378.793,27.3876,-19.9656,5.85892,5.99114,-17.6298,-4.07788,-9.12994,-4.92281,2.50904,-13.6067,-18.9197,-0.634594,
348.987,20.635,-7.14589,0.505833,-2.45043,-22.8838,-8.13306,-8.56219,-10.86,-4.0203,-10.0298,-15.1429,3.85624,
315.104,18.0682,9.73541,1.49653,5.05945,-8.97493,-12.7787,-9.18279,-5.99754,-3.26115,-13.1303,-15.4057,4.16473,
285.7,17.4143,24.9303,-1.06545,-4.58505,-6.18006,-8.23521,-6.82126,-2.00599,-5.21238,-11.8805,-6.81509,0.521682,
281.175,11.2784,21.7562,-6.08859,-1.61,-3.50765,-8.13167,-10.6023,-4.82125,-7.43718,-11.0712,-4.02159,5.57804,
263.74,0.501958,18.0821,1.74668,-0.0858145,-7.28343,-5.39068,-6.859,-1.87479,-9.01462,-13.6248,0.190048,7.77836,
255.014,-14.2331,12.7401,-1.15988,2.01625,-3.46642,-5.9391,-4.17989,3.02531,-2.37433,-9.85723,-3.2902,2.2878,
255.075,-23.1449,19.1997,-5.07836,3.89017,-5.27628,-10.8199,-3.71304,0.750298,5.6324,-9.07769,-0.913037,-1.62629,
274.054,-34.3834,21.6846,-17.2561,10.0907,-3.53556,-16.7287,2.7893,-8.74816,3.10449,-18.6329,0.959428,0.630978,
281.939,-44.9605,18.7723,-21.7291,15.5494,3.20404,-9.20468,8.50158,-16.5037,-4.06808,-27.7757,8.73874,12.5114,
282.722,-41.0636,15.3661,-25.8729,4.8979,-0.262945,-13.6431,10.8246,-18.1937,-10.3052,-28.587,4.11893,12.5708,
281.75,-45.9585,12.8447,-29.8965,-0.655181,-0.959367,-14.4792,8.11218,-19.3514,-13.486,-31.2627,-0.414831,12.1428,
294.353,-35.8522,29.2121,-20.9102,1.30991,-1.08731,-17.8202,3.08782,-18.3686,-7.14934,-27.1563,-1.4251,2.84046,
333.654,-17.9403,22.8128,-37.6088,-10.1562,-0.255396,-25.5556,0.270731,-20.5373,-2.48634,-22.1437,-4.80937,-3.83665,
368.028,1.31174,20.302,-43.0441,-7.66992,2.77465,-29.0962,-1.67448,-20.0023,0.339644,-21.9209,-4.22322,-4.96454,
396.035,11.2866,20.9717,-43.9376,-6.22046,9.32302,-33.3969,-5.05436,-12.4375,4.81263,-20.806,-3.29739,1.01274,
411.628,22.7093,11.1594,-39.7756,-11.7948,8.06572,-36.185,-15.3899,-13.6917,4.69233,-10.8397,-2.64947,-1.93982,
426.049,28.9053,-4.75628,-22.7318,-20.6358,-0.548553,-18.5196,-31.4849,-13.389,9.31483,-10.0898,-1.02362,-0.102821,
438.001,31.149,-20.3624,-9.28488,-25.2942,-10.7868,-11.6339,-36.3051,-13.0646,10.805,-8.82187,3.13722,-2.14665,
452.615,29.1863,-31.9315,-3.96648,-25.8873,-11.286,-7.15132,-40.0903,-12.0132,7.11371,-7.99624,1.9099,-3.12186,
459.835,30.2537,-38.5416,0.67698,-25.6641,-9.6594,-7.93297,-37.2261,-11.0767,6.78005,-7.10812,1.45291,-1.7253,
461.002,32.0567,-40.1551,-1.69385,-22.0054,-11.1946,-9.82481,-35.8696,-11.7873,3.58965,-6.37601,0.149429,-3.38002,
461.274,30.9648,-41.4905,-2.03654,-26.2649,-14.4726,-8.9589,-36.3581,-13.1479,1.96551,-7.27362,-3.45676,-5.18847,
459.393,29.9167,-39.5002,-2.35769,-24.1543,-16.5152,-11.202,-35.9958,-14.3082,3.82028,-10.0718,-1.70736,-6.47363,
451.16,32.7744,-31.2953,-2.68944,-22.0131,-18.3471,-3.62217,-36.0296,-13.5981,6.33457,-10.1775,1.40871,-5.97633,
442.951,33.2941,-27.8415,-5.60799,-22.9847,-14.6994,-5.64665,-36.0012,-15.0789,8.1398,-9.85047,-1.35819,-3.87652,
434.908,33.5333,-26.7409,-4.07698,-22.6445,-8.91383,-7.92135,-38.5007,-9.35492,5.16607,-10.5974,-3.50035,0.071085,
427.305,32.3653,-19.7986,-2.37313,-19.842,-5.91884,-7.73087,-37.2783,-10.6464,6.57108,-11.1209,-1.85668,4.78305,
419.645,27.7797,-10.8888,-10.956,-12.3013,-5.59655,-13.9787,-35.4273,-11.8701,11.3084,-15.8766,1.45773,2.43324,
394.887,28.3621,-4.74532,-20.1855,-11.9495,-5.60912,-25.8232,-33.0221,-14.3592,11.2315,-19.1618,-9.42991,0.0223308,
386.217,32.514,2.19709,-21.4439,-15.4048,-0.51442,-16.6876,-21.3529,-8.41436,9.50825,-14.1056,-16.8496,0.944333,
367.687,29.5003,8.97904,-20.6409,-20.055,-0.0053854,-13.7966,-19.3897,-8.92351,6.59725,-16.7719,-16.8447,-3.34212,
342.688,24.1225,21.5832,-21.221,-12.3678,1.57285,-15.1376,-14.6286,-10.5362,2.8855,-14.3717,-17.0528,-5.26334,
325.905,17.8565,28.243,-21.5887,-6.58176,9.54552,-9.60053,-8.84274,-15.056,-5.18335,-13.835,-14.5606,-0.440401,
306.84,3.10131,32.8617,-17.8456,-3.88131,6.1096,-8.53491,-10.943,-20.066,-4.80087,-16.9535,-9.27096,-6.05241,
296.291,-19.5639,34.7439,-18.5178,-0.503215,7.16122,-14.6425,-8.6625,-27.9924,-7.46114,-14.3992,1.45326,-8.52756,
299.21,-28.8217,39.1324,-20.4133,2.37672,13.4093,-14.5734,-10.3294,-27.9687,-13.123,-17.8287,-1.48865,-2.73772,
298,-43.3502,39.2519,-14.9787,0.160687,19.7302,-16.3543,-3.66209,-22.9746,-16.0856,-19.6405,2.21947,0.529263,
292.53,-58.2742,30.3856,-18.7549,6.07959,26.2291,-23.1136,0.291759,-17.5934,-6.29696,-20.242,-0.493002,0.84808,
291.954,-72.1042,22.5294,-18.2838,5.55436,15.2399,-37.5188,-3.92739,-17.9478,-1.26534,-14.1524,4.95289,4.18962,
301.2,-74.4606,17.8924,-26.6269,3.63301,26.0459,-30.4258,-1.97786,-14.6406,4.83568,-13.5862,2.90575,1.03632,
302.093,-82.1667,12.8844,-33.8642,-2.13624,24.6757,-28.3174,3.48635,-8.9807,7.19628,-10.8412,0.80751,1.38465,
283.136,-91.1648,11.2655,-29.2913,-5.64268,21.8833,-29.2867,6.26251,-7.50633,3.3134,-2.48695,3.35714,2.83175,
284.217,-82.9824,19.0903,-26.5787,-9.3298,22.8388,-28.6882,3.29374,-7.81746,0.449642,-5.16271,5.03314,4.67302,
267.99,-93.2714,14.0645,-25.4098,-10.2176,21.4429,-37.0437,-4.80395,-9.66072,3.77922,-6.03601,3.3982,-1.74231,
260.488,-93.2041,10.2139,-21.7895,-12.0279,17.1141,-29.0473,-0.674695,-2.49361,4.63263,-0.414142,3.03115,-3.50409,
251.48,-88.6827,6.42374,-23.2574,-20.428,10.1469,-33.1393,-9.0641,-5.70995,4.75208,-0.70154,7.84592,1.69336,
267.957,-72.4683,18.6557,-14.8784,-13.5587,15.7441,-30.7308,-9.34188,-13.911,4.93652,2.34064,8.57961,-11.9696,
294.512,-32.7803,25.7276,-24.0844,-19.1518,14.6116,-20.3412,-7.35973,-31.1736,-8.57637,-1.30375,7.25724,-3.20222,
327.81,16.4851,25.7708,-29.662,-21.4697,12.0169,-15.551,-18.4619,-22.2767,-6.54016,8.02634,9.34072,1.35943,
345.364,30.9306,14.9936,-31.6219,-19.9422,4.06334,-11.2869,-26.4297,-22.3501,-7.47372,2.35287,5.09619,-2.00145,
354.525,40.7878,10.8021,-28.2976,-23.2928,4.54328,-2.51312,-32.0864,-21.5552,-5.23145,-0.458668,2.93192,-2.1285,
357.107,47.3911,12.2145,-32.5176,-20.2569,7.58019,-0.318645,-33.9192,-23.7847,1.08438,2.33215,2.80211,-3.74206,
354.711,53.5594,14.3711,-36.1583,-18.4483,11.6379,-2.92625,-32.4899,-25.6909,4.33184,7.97073,2.06467,-3.72954,
359.465,54.4204,9.0684,-34.1181,-15.8326,13.4627,-3.46069,-35.9432,-19.31,6.81412,7.59244,4.43028,-3.65654,
363.722,51.0548,3.84432,-34.2128,-9.4651,11.7821,-5.35212,-31.0787,-12.4936,7.09811,8.20366,7.04793,-3.34618,
361.588,51.9209,-1.73155,-34.5648,-6.55996,12.4909,-6.24421,-21.2299,-6.34846,14.4585,9.58342,3.88907,1.88227,
365.406,54.5505,2.85242,-38.1145,-4.51869,12.9246,-11.5396,-24.2587,-2.3878,10.7933,4.19299,3.97252,-1.33289,
368.393,57.8893,1.87531,-39.948,-4.52087,11.7834,-11.056,-20.6088,-1.83531,9.84001,1.49203,2.43916,-0.300116,
366.162,59.4556,2.81888,-40.2922,-5.39107,9.16912,-9.93495,-22.6806,-3.67812,12.0357,-0.144301,-1.8707,1.61911,
364.549,59.5184,2.487,-39.6137,-6.57456,9.8995,-9.71154,-21.2824,-0.927516,11.6169,0.983371,-3.94989,2.61152,
361.511,58.5314,0.134905,-43.2229,-5.64014,10.2037,-9.88252,-20.2678,0.711109,11.8057,1.22975,-5.42737,2.32209,
370.797,55.0608,-1.30908,-37.2515,-6.27127,8.15082,-9.45767,-18.9473,1.47657,11.1683,1.57528,-5.11089,0.433144,
362.305,58.7264,1.97771,-42.2046,-5.73857,7.15386,-11.463,-20.9269,3.7223,12.0581,-4.263,-6.60493,1.24295,
367.353,53.4688,-2.03718,-41.6566,-5.99654,5.42364,-14.2274,-18.4813,3.79778,8.81444,-5.37724,-9.57956,0.744174,
368.392,54.9551,-5.74115,-38.8064,-4.19812,8.08662,-11.7402,-13.2897,8.12543,8.83848,-1.57185,-8.51762,2.02544,
364.266,52.9457,-3.49821,-43.4986,-4.98258,11.0041,-8.67457,-15.5607,6.70052,13.1408,-5.11202,-7.78368,-1.09874,
362.783,49.5864,-4.62746,-43.4036,-1.4631,10.7348,-7.27925,-12.7662,6.54873,10.8521,-4.84368,-7.92958,-0.798848,
355.984,46.5601,-1.35741,-40.5254,-4.6353,13.2856,-1.32814,-11.9519,4.73379,10.3589,-5.50873,-10.582,-2.34886,
339.472,44.8056,0.645609,-40.5629,-9.57021,16.1532,2.36005,-8.30267,1.06305,7.22748,-4.76733,-8.05201,-8.53129,
330.608,41.5748,7.33249,-37.1662,-8.86941,15.0684,7.72424,-7.58202,-2.00523,4.53125,-5.12495,-7.06249,-10.5373,
318.337,36.8131,9.86847,-31.9102,-8.09701,10.4529,8.50783,-5.66658,-3.5155,-0.397909,-3.15331,-6.89112,-12.4665,
317.304,29.709,9.38018,-23.6398,-7.13269,11.2007,8.96978,-3.12175,-7.5306,0.816082,-1.43975,-7.755,-10.7511,
299.846,21.0889,11.2432,-23.614,-6.695,10.8102,6.49173,-3.79552,-9.72898,-6.173,-2.27727,-9.99792,-12.6525,
278.141,11.567,19.0989,-14.5229,-2.83303,11.9491,9.00194,-1.38437,-9.66519,-4.12535,-6.54655,-7.09465,-9.67966,
246.807,-6.16771,22.4427,-1.53546,3.50237,10.3045,11.7878,-4.39678,-8.88644,-10.8439,-7.75428,-12.3211,-7.53189,
218.742,-20.677,28.3626,13.2429,16.5772,9.12748,2.57237,-2.97379,-3.51259,-7.81395,-7.64018,-5.33957,-5.09627,
203.688,-34.5694,22.0621,21.9743,20.1997,12.5226,5.46349,-5.40004,-4.69502,-3.26847,-5.97994,-5.2374,-6.4725,
199.894,-33.359,21.361,13.1335,17.6308,13.6232,4.81496,-3.37859,-3.83968,-3.489,-5.80765,-10.6545,-10.2882,
196.705,-36.0498,19.9297,9.81226,15.6569,11.9504,4.07321,-4.48666,-5.80419,-2.97833,-10.8068,-10.6745,-7.11052,
182.689,-43.4636,16.5656,13.493,9.81068,4.04348,3.1412,3.05419,0.881067,2.30598,-2.11091,-4.464,-7.18667,
193.349,-50.3566,7.92728,3.90629,6.37104,3.06882,8.22168,5.46466,-2.66675,-8.86678,-4.81276,-4.82629,-4.70548,
185.557,-54.2999,3.44004,1.28719,8.42867,6.02071,4.61057,3.64315,-0.730666,-1.6174,-1.35976,-4.33718,-1.09959,
192.573,-54.9092,-0.632521,-4.20478,8.59128,9.19334,7.06751,3.20169,0.585077,-0.918506,-4.09274,-5.94392,-9.81141,
179.39,-53.4684,-0.689435,2.41745,7.08958,4.94063,2.70292,-0.121973,-1.5666,0.576453,-1.64374,-0.651392,-3.12428,
171.131,-58.1081,3.90844,2.82314,1.72942,0.615212,-1.45941,-3.82158,0.361456,1.0297,3.21463,1.71083,1.69317,
164.649,-60.3324,-1.07603,1.37626,3.77718,0.444186,3.40294,-3.11988,-0.85068,-0.513007,2.77454,-0.581287,2.09484,
152.877,-74.7782,-12.5888,-17.3362,-6.96541,-4.79746,-2.33472,-0.749823,-0.0946984,0.238412,-3.93642,-2.42193,-1.53254,
149.921,-83.6747,-15.2608,-14.5663,-5.16872,-3.74125,2.66925,1.85795,1.53777,2.0944,-6.14793,-5.97941,-4.42129,
148.628,-74.6629,-10.3029,-15.5564,-8.16972,-1.12621,-1.63522,-3.92517,6.45907,1.81937,-6.04542,-7.87592,-1.50419,
149.59,-79.7195,-12.9444,-13.0635,-10.5767,-9.07512,-7.21505,-3.5827,2.65214,-2.09305,0.919893,0.720238,0.93728,
152.244,-81.6218,-9.77223,-8.28148,-6.25866,-5.52117,-6.45112,0.568175,-1.19934,-4.55895,0.264081,-3.43347,-4.22121,
158.948,-76.3089,-8.39534,-12.4174,-6.0175,0.307188,-1.09415,2.7293,-0.654265,-0.778602,1.60371,1.64185,4.31652,
155.057,-79.9905,-18.5147,-18.5146,-7.82626,-9.90729,-3.52007,2.15767,-0.620026,2.83373,0.871165,1.57772,5.44451,
145.591,-81.7245,-17.7399,-11.6254,-3.59539,-5.62905,-8.17362,-3.81552,-0.247158,-2.26888,-2.38246,-2.49713,2.43287,
151.206,-78.92,-13.0249,-8.22633,-3.60453,-3.83108,0.694293,-2.15929,-5.3783,1.42112,-0.208501,3.99477,0.589188,
148.469,-86.1947,-18.2302,-11.4304,-1.77551,-4.27027,-4.46305,-6.80078,-1.51311,2.04587,5.18944,2.46065,-2.92698,
149.205,-79.1744,-14.2812,-14.2047,-4.76876,-8.09249,-2.56758,-0.935661,0.525136,0.12921,4.38651,0.523447,0.157187,
162.092,-80.7735,-16.7147,-11.3077,-2.50563,-4.06475,-1.78527,1.14355,3.77059,6.33368,4.39139,0.488901,-2.08333,
145.799,-74.7339,-7.02369,-8.97994,-1.14729,-3.26489,-4.55856,-4.36678,0.247655,5.17691,3.27295,1.82578,5.16058,
152.177,-73.3948,-6.33478,-8.20128,4.45618,-1.24864,2.24966,2.62032,2.15045,1.36514,-2.21329,-4.05721,-1.12661,
145.074,-84.4729,-17.4125,-15.0767,-3.49696,-0.665492,-2.71475,-0.20451,6.52874,0.508325,-2.41689,-6.3634,-2.44523,
148.468,-77.2899,-9.79879,-11.236,-3.02563,-4.80833,-6.16251,-6.03648,2.26224,3.93772,-0.0366654,-1.04123,-0.122832,
144.787,-71.4483,-5.26715,-3.36681,0.877535,-1.01551,-2.18722,-7.48656,-1.53096,1.67914,0.584741,-3.53431,-0.706301,
152.784,-69.9439,-8.50001,-9.8147,0.109957,4.38737,0.507781,0.225858,-4.07367,2.03263,1.49563,-1.55303,1.17787,
141.646,-80.7298,-12.6511,-11.0619,-4.47903,-3.32552,-2.51228,-3.33544,1.76606,4.75931,-1.55041,-1.89064,1.29509,
150.923,-75.0576,-8.02779,-8.87737,-3.06019,-4.4128,-2.24658,-3.63953,-4.90677,-0.669823,3.24496,-0.200844,-0.45293,
153.249,-78.6314,-10.4014,-10.4734,-5.47418,-8.27415,-1.56393,-1.85208,-3.61186,-5.55214,-4.01214,-2.90365,0.543352,
150.68,-84.0372,-11.1995,-8.35291,1.40533,3.34153,2.25677,-0.357475,-4.61968,-5.78725,-5.57018,-1.09137,-0.0437336,
152.84,-80.2665,-13.255,-12.5067,-0.969306,-4.23905,-3.4833,-3.42237,-4.54828,-4.08393,-3.19274,-0.849225,-1.93466,
150.032,-76.575,-13.6488,-5.82456,-3.35962,-3.15306,-4.83096,-7.04266,-4.53116,-4.38701,-5.34962,1.42582,2.63724,
137.221,-81.1998,-10.5649,-7.94083,-7.89924,-7.79885,-2.22435,-3.84852,-1.09046,-3.0734,-4.23062,-5.72005,-2.63991,
144.266,-76.3615,-14.9878,-12.0607,-8.15107,-10.5364,-3.49728,-4.71396,-2.78818,-3.76372,-4.75555,-3.22063,1.482,
158.568,-78.0858,-11.7454,-14.7822,-5.73946,-3.60722,-0.987048,0.750889,0.417504,1.67826,-2.88179,-4.20458,-5.83625,
144.478,-81.932,-15.3727,-16.2475,-4.54075,-1.7594,2.36733,-0.469623,2.89688,2.93487,-7.34618,-7.67235,-2.24737,
152.58,-73.5917,-8.97137,-12.5847,-10.2982,-6.8975,-4.42418,-4.53479,4.07593,0.445369,-2.68719,-3.79072,-0.573205,
152.622,-79.3013,-9.73112,-10.2937,-8.60502,-6.58594,-6.80101,-0.401976,2.46892,-4.20287,0.95632,-1.37446,-1.25734,
153.538,-80.6227,-12.3935,-9.98424,-3.73757,0.103994,-1.96369,3.68838,0.81474,-1.71833,1.8617,-0.188957,-0.053997,
159.112,-76.438,-8.87764,-13.5267,-8.57203,-4.44819,-1.10676,1.37696,-3.92707,-0.542468,3.74268,4.13139,5.4494,
149.377,-83.1729,-21.4246,-19.0894,-6.38264,-10.1882,-6.87633,2.00572,2.54052,3.32845,-0.93524,-1.51822,3.26038,
147.102,-83.434,-17.353,-7.76206,-1.31221,-0.889235,-0.452724,-2.12232,-2.80386,-2.29653,-2.39746,-1.09754,2.22517,
152.545,-77.3987,-11.582,-9.20606,-1.91025,-3.76249,-3.2679,-6.57833,-5.17818,2.33841,1.16467,3.16148,-0.741259,
145.004,-88.1388,-21.3777,-15.1611,-3.53883,-3.47437,-1.01237,-1.03562,1.0111,1.61722,7.65858,3.30101,-0.019371,
156.417,-76.3654,-13.1615,-11.078,-3.84081,-8.69026,-1.85472,0.0971079,5.35173,4.3886,0.832796,-1.46505,-1.69864,
153.629,-81.5309,-14.1409,-9.08218,-1.08222,-2.87049,-3.51074,-0.780836,1.47613,4.05117,7.23547,2.18982,-0.231033,
148.611,-73.2787,-6.6903,-11.1068,-1.42328,-5.3398,-2.81048,-4.43552,-0.228497,7.8985,-1.1397,-0.115723,4.55213,
148.515,-77.0896,-10.3664,-9.60327,3.01195,4.81352,2.70572,1.61533,1.66313,-3.34828,-2.31363,-4.71498,-0.697148,
140.997,-85.4636,-18.7775,-18.8954,-4.84574,-4.58334,-3.49174,0.278304,10.3238,5.78934,-1.69723,-3.14209,-2.49004,
150.774,-75.7922,-6.95989,-3.64046,-1.49376,-3.53496,-4.98007,-7.7046,-0.89751,1.89531,0.324489,-3.38845,0.0454431,
146.449,-67.2108,-4.97396,-6.26322,3.22947,5.01143,0.901286,-5.6658,-5.22779,-0.0575585,0.87706,-3.05469,-0.605433,
148.733,-76.6656,-12.5243,-13.3802,-1.31438,1.13348,-1.42848,0.752934,1.46467,5.62677,1.23288,-0.84526,3.63378,
142.338,-78.2941,-9.66627,-3.75174,-0.91817,-2.07651,-0.526357,-5.70012,-5.01013,1.62563,0.762325,-1.69826,-1.38426,
154.45,-74.5387,-7.70714,-10.6924,-4.24274,-8.15471,-2.98038,-2.91988,-3.97052,-2.73626,1.00414,-0.309482,0.132144,
147.466,-82.7611,-10.7526,-9.07865,-2.54797,-2.90038,0.252745,1.35511,-2.56995,-4.05605,-4.7516,-4.03156,-0.41138,
153.209,-84.965,-14.2641,-12.533,-0.0342412,2.03545,1.17046,-2.2953,-4.67306,-6.22111,-4.27321,0.832709,-0.539252,
153.275,-75.2951,-12.4616,-8.37936,-0.320012,-3.77879,-3.41509,-4.30032,-6.28413,-4.32878,-5.40185,-1.29084,0.131004,
141.753,-80.4198,-11.4701,-7.0711,-5.50478,-4.34893,-3.75768,-4.00514,-1.18986,-3.87221,-4.66857,-1.63704,-0.0240002,
141.425,-77.5405,-11.3241,-7.32749,-6.61132,-9.62112,-3.97849,-5.96736,-1.42266,-2.89001,-3.76455,-6.02339,-1.84779,
149.382,-74.5728,-13.4844,-16.3086,-7.57657,-6.53143,-1.97357,-1.35625,-0.718458,-0.552962,-4.1606,-1.67728,0.646681,
154.974,-82.2243,-12.9486,-13.6687,-6.27879,-4.85847,1.17259,0.726148,0.0493612,1.82026,-4.47887,-5.37696,-6.43193,
134.617,-79.152,-14.0652,-16.1807,-2.92299,1.04917,2.22203,-0.729482,4.65266,3.33771,-6.90003,-8.36139,-2.30342,
109.339,-77.3233,-6.65357,-19.6213,-13.3948,1.85221,1.4976,-5.24617,5.25606,-3.14286,-10.6896,-11.3909,-5.71191,
