-117.805,-60.77,-6.03152,1.58418,12.3214,7.62571,-0.878844,5.55621,3.94722,-0.767993,-1.84294,-1.38318,-1.15321,
-125.241,-62.7319,-6.03358,5.10701,7.88481,8.12576,-1.84107,3.64285,7.20303,-0.612747,-1.99925,0.702192,1.59357,
-131.067,-62.9709,-4.66976,4.1631,5.42073,2.91253,-0.610758,3.85024,8.3629,0.723516,-0.938112,-5.08078,-1.8501,
-124.588,-59.9075,-8.78336,-3.72092,3.9901,3.11649,0.0651309,6.2434,7.42838,1.15058,-1.9928,-1.36827,1.61936,
-112.751,-64.3008,-5.57342,-1.63607,6.78061,7.68858,3.15903,10.025,9.71158,5.34431,-0.652928,-4.18919,-6.48542,
-125.202,-62.5851,-6.60033,-4.28802,7.63391,12.2138,4.45056,7.2598,14.2087,6.13973,-4.35364,-8.07002,-2.47777,
-98.8836,-49.9704,-4.57178,-3.057,3.01983,9.81696,10.9605,12.3507,9.49985,-1.54002,2.03598,2.11682,4.40638,
100.323,-24.1231,-46.8279,3.75121,-14.1572,9.31495,0.478926,7.91391,-1.1158,-10.5981,8.99429,10.9741,-3.44198,
206.236,-1.9796,-54.5812,19.9797,-13.991,13.2789,3.86809,9.93589,-0.21665,-4.44423,10.1553,5.4839,-4.23189,
178.357,35.8905,-22.4138,19.5357,-1.64883,7.97592,3.71138,3.48574,3.00995,0.319836,4.54648,-1.27725,0.872458,
95.3641,42.7254,15.7492,25.1132,16.9186,8.78884,-1.10344,4.46841,7.29279,-0.231742,-5.58261,-2.16774,-1.72624,
47.5305,39.4584,27.3355,23.8529,9.23807,8.85806,5.11381,10.2152,7.44193,3.59621,-2.855,-3.34177,-7.75512,
26.903,31.6129,34.1474,24.392,9.82129,5.96815,3.49569,8.90474,10.6658,5.75741,-1.4872,-0.375552,-0.706415,
40.6297,20.4665,13.6524,38.5351,12.2871,-6.82715,14.6101,7.91442,0.5465,2.60178,2.35996,4.09236,-0.703052,
66.5045,25.4361,3.98794,28.9835,4.26175,-14.6928,11.319,8.00006,0.662705,5.38142,3.41041,-0.471895,-4.94465,
41.9673,26.3802,17.0123,29.1857,19.5317,0.808032,3.40456,10.8254,2.68589,1.93882,8.87242,-4.98395,-7.14268,
5.23309,19.452,30.2501,30.4543,25.2653,6.98112,-4.4024,5.47204,0.555181,1.60039,8.2163,-1.82671,-8.39758,
-20.7949,7.52787,36.8955,29.8774,23.5217,3.62674,-8.27647,6.60606,9.30318,-0.200056,4.81649,0.909616,1.76849,
-27.4192,10.6862,37.0991,17.2812,14.1865,-2.55831,-12.8756,1.33915,10.0619,-1.47462,-3.21564,-2.78583,-7.62801,
-31.2069,7.00162,35.5841,19.8053,8.45611,-4.0154,-7.26227,1.39112,8.70742,5.71546,-3.26098,-10.777,-8.38196,
-40.2398,3.04296,37.526,26.7343,10.1787,-1.98395,-10.9114,-1.12669,-0.0980568,5.44592,7.21083,-3.5242,-6.95123,
-39.2423,1.25017,39.352,25.5191,16.6327,0.544009,-14.8804,-3.33298,3.94772,9.25999,5.44192,4.2179,2.17186,
-44.4911,-0.345364,37.2107,25.0751,16.2511,-0.993378,-9.81465,-1.92948,1.31671,-1.74678,0.858961,1.77735,-0.624393,
-43.2927,2.81116,47.1432,31.5745,20.1931,1.12568,-6.11556,1.50859,4.77435,1.09504,0.397278,-2.91246,-3.89505,
-38.8643,1.20927,45.8238,29.9417,14.7892,-0.493064,-9.19536,2.64787,6.12039,3.28842,1.72397,1.36412,2.04738,
-40.1721,-5.56857,37.8976,30.5176,18.5788,7.82147,-6.14972,1.04576,6.11062,5.96259,4.20695,6.36743,1.75089,
-41.8368,5.38561,45.2624,38.5528,26.7491,15.3414,-5.75026,-1.16551,0.0509424,1.84381,3.38663,4.02833,0.871859,
-50.2438,1.301,48.2468,33.0969,25.9356,16.9701,-5.0695,-4.43274,0.952455,-0.562456,1.37678,0.0575547,-0.480106,
-64.9805,-12.7555,34.1541,30.4033,22.0353,8.83991,-1.95501,2.1791,2.48609,-4.89999,-1.0832,3.2791,4.26568,
-62.5185,-19.5476,29.6926,27.8602,26.6183,18.9785,2.24839,3.62836,-2.70455,-4.98065,-1.94455,-0.316211,-0.145632,
-59.5092,-18.7178,27.7415,28.4277,27.5977,17.0792,3.25893,7.60984,3.37961,-0.778577,-2.31396,-5.8921,-0.69435,
-75.4964,-25.3345,18.6715,19.3759,24.7417,18.8068,4.29635,2.59563,9.06155,1.71866,0.754625,-4.79243,0.2632,
-80.4027,-33.7186,14.7109,17.0976,19.7756,19.3876,9.25761,11.4978,11.6492,2.67617,4.46019,0.837317,3.631,
-76.0441,-31.6444,12.8663,16.335,21.5036,24.4192,8.80895,16.2714,13.7976,2.20825,4.96325,-3.02979,-1.38888,
-81.701,-33.5854,16.9864,15.5025,19.7894,20.8312,5.56763,11.8717,7.50739,2.23546,4.05125,1.40545,3.25125,
-95.5805,-43.8754,5.09534,8.26639,13.1,3.46356,-0.817048,9.62094,9.93853,5.17987,0.962876,-1.26336,3.18468,
-100.861,-45.1481,4.00585,9.39037,13.6748,7.48675,-4.27333,7.2142,9.20607,0.40725,-3.55724,-7.67203,-0.662426,
-84.6616,-38.0047,4.74291,6.87904,11.4338,9.87244,2.08258,5.44982,2.23699,1.63461,-0.966318,-0.443112,-1.39171,
-117.636,-65.4601,-10.1816,1.39823,10.8257,8.10398,-0.570819,2.31537,7.75644,4.70586,9.21158,5.24146,-2.41609,
-124.248,-65.3316,-9.12063,-3.3962,6.29488,2.62497,-0.599704,6.7741,9.22174,2.79212,6.98437,1.73439,0.0815146,
-111.628,-67.2215,-11.2722,0.677721,9.99529,7.39847,-0.515708,8.2863,11.8477,9.30622,9.10919,2.82654,-0.901637,
-98.1391,-45.2877,1.58876,6.82497,12.994,5.14878,-7.9904,-0.0515461,6.27342,2.9381,-4.02425,-4.43289,2.2045,
-90.955,-38.262,1.75678,1.0317,15.3161,7.75749,-1.15832,4.79431,-2.31497,-6.44037,-6.60796,-6.76186,-4.15244,
-87.4735,-37.5922,5.7815,3.68108,8.5801,4.50613,-7.36584,0.0614223,6.76669,0.195526,-3.73213,-6.11247,2.23692,
-83.5386,-37.5142,5.86261,5.86626,1.1518,-7.50942,-14.9359,-10.8577,-2.302,-2.68202,-6.23855,-1.44586,5.3388,
-81.3671,-31.242,6.84099,4.90692,7.89428,-4.51781,-12.4358,-6.51673,-0.755065,0.0129907,2.67165,3.68427,9.12507,
-87.4026,-37.1276,7.79875,8.69556,5.08453,0.20318,-14.1598,-9.47874,-7.31746,-3.63812,3.63574,6.50516,13.9923,
-94.2403,-47.7049,4.69884,1.69157,-1.13263,-11.5186,-27.3276,-11.9043,-4.46493,1.05793,4.47951,3.66677,10.8279,
-83.7942,-36.274,6.42598,3.0631,6.18644,-5.21647,-17.8241,-7.68652,-4.32195,3.96151,12.0603,10.6284,11.8533,
-63.112,-29.2561,2.51736,-0.719042,7.52018,2.09563,-12.5171,-11.4768,-4.10091,10.595,15.8125,7.42711,-0.464967,
-50.4439,-27.1603,-6.7909,-19.457,2.04535,6.12346,-13.8025,-20.1343,-12.0572,8.67532,20.4008,14.6405,0.262007,
-52.8815,-25.6487,-5.14584,-15.2415,-1.71129,5.67311,-7.4508,-14.4032,-4.95601,7.01319,19.4439,16.3174,5.91549,
-55.7194,-25.1287,-9.26934,-15.9556,3.24826,17.6814,-1.83538,-13.3127,-8.90267,5.81154,22.2075,22.7121,5.74908,
-61.4049,-28.4709,-9.26232,-20.8062,0.242,19.2252,7.10102,-8.29784,-10.3726,2.27912,24.578,19.5247,5.22052,
-68.8024,-31.5483,-6.54694,-17.3964,0.281341,14.8302,4.7879,-3.85709,-6.43948,-2.64768,12.3319,12.8158,4.40151,
-72.6182,-44.004,-7.2203,-10.6808,-3.25017,10.2009,1.11978,1.94554,-2.87746,-5.30141,4.91688,7.60537,4.1027,
-82.0258,-41.2902,-10.0055,-10.9025,-0.465406,5.58912,0.166698,6.43223,1.87845,-6.54025,2.79995,11.0918,11.1482,
-91.2687,-43.0876,-4.05162,-10.3003,-9.04624,5.27367,0.15056,2.60652,5.11016,-2.99958,3.75394,7.56697,12.6896,
-79.2211,-38.9566,-2.17148,-8.46353,-13.0619,-1.16314,-1.25887,5.59923,3.14393,-7.24907,7.00357,10.0505,9.66188,
-68.4984,-38.0298,-8.05613,-20.103,-19.8221,-0.794229,-2.19522,4.2198,4.4977,0.347278,5.35318,9.90796,14.2189,
-71.6007,-35.9224,-4.01837,-19.0853,-13.7604,-5.48311,-0.741243,16.8641,11.4117,1.57236,14.8366,13.7369,12.7541,
-71.6074,-39.6451,-7.03122,-12.7805,-7.15485,-1.61165,2.88893,16.2875,10.8021,3.76356,9.61193,13.0591,12.8661,
-79.5017,-40.8854,-7.19973,-10.89,-8.11011,0.445404,-0.571073,9.64341,10.2193,8.42041,7.44624,9.34604,10.0376,
-77.0171,-42.9671,-8.37832,-7.98825,-6.00606,-1.4861,-2.06194,3.60944,5.52162,5.26094,5.84489,6.58732,6.56998,
-92.8777,-45.8692,-4.76669,-2.49764,0.200961,1.27961,-1.86439,4.37331,9.56908,6.84438,17.4159,8.75783,4.58795,
-115.282,-62.274,-7.83433,0.566402,7.62789,1.90802,-1.86527,6.15786,13.7735,8.00656,5.24933,-0.192537,-2.38233,
-118.903,-65.591,-7.72669,2.64341,11.5543,9.27163,-0.758081,8.381,11.3717,7.32319,10.4283,2.79211,-0.118941,
-123.109,-56.1036,-0.650675,-3.34644,9.47483,5.77984,-1.03114,4.40496,8.93307,8.77332,0.480945,-0.247686,3.30519,
-123.721,-62.1264,-5.57119,0.240246,14.4653,17.0728,5.60309,10.3546,11.2874,1.33212,1.35062,-3.82496,-0.780898,
-126.046,-65.8586,-11.3065,-6.28267,6.71653,4.76481,-3.11197,7.24588,17.8382,8.16279,1.28599,-2.17483,-2.80976,
-94.1744,-42.2236,7.61391,9.55729,11.778,11.4622,3.12,1.49535,4.08721,-1.86391,-7.56431,-15.668,-6.96546,
-46.0418,-1.87803,37.5988,21.9212,11.3202,-0.984867,-15.6771,-11.1876,-9.10816,-6.91054,-1.88105,-5.95771,-2.86824,
-21.8992,20.5542,54.1469,24.3735,7.68912,-3.87118,-23.5646,-13.6749,-2.85148,3.59633,0.188173,-0.932427,-2.54094,
-17.0044,26.8155,53.34,30.0476,9.10064,-9.22103,-21.8727,-8.75304,-2.21167,-5.85232,-6.26312,-7.53698,-10.3045,
-11.3845,27.7055,54.5298,33.5759,12.8695,-5.10686,-15.8013,-5.84804,-2.71992,-9.69463,-5.37885,-6.29319,-3.4068,
-0.57962,34.6026,54.9126,21.6128,1.42727,-2.11205,-7.77093,-2.60157,-3.81443,-11.7237,-8.84147,-3.52278,0.991856,
15.7159,39.1541,46.8934,6.1807,-0.444545,1.20026,-5.59223,-2.62028,-6.99782,-15.6607,-10.7308,1.74779,1.00702,
21.5804,48.4885,44.873,1.70441,-4.59824,4.11696,0.655207,1.74751,-8.65066,-17.8906,-6.25026,7.81211,3.99106,
33.1422,54.892,45.1308,-2.33305,-10.6033,5.81506,3.98075,4.94097,-10.0283,-18.038,-2.56593,5.11041,5.35483,
41.7261,64.6065,43.3009,-7.12225,-7.98743,2.41009,2.825,3.39485,-6.41608,-15.697,-4.33049,4.96987,5.31811,
50.5315,66.8134,53.0599,-8.80168,-21.1795,-7.03828,-0.0345132,7.15676,-2.03694,-14.1931,-7.39056,0.563098,1.52856,
72.7094,73.2803,42.6134,-11.9219,-25.4965,-14.381,-3.0255,9.27333,-1.46279,-7.11096,-6.49646,-0.85501,1.38715,
97.2554,82.5086,32.2393,-24.6231,-26.3136,-8.92809,5.04327,6.07104,-0.783007,-5.59551,-8.17277,1.27737,1.46239,
132.524,85.5894,17.1326,-23.9237,-29.7263,-2.49704,15.6178,-0.765733,-1.46663,-1.68386,-6.53566,3.85326,0.967263,
152.26,79.6707,4.48654,-20.0445,-36.8463,2.23293,23.3087,-10.5389,-6.36002,4.15028,-8.2307,3.17883,3.29464,
174.049,75.3514,-10.4065,-12.1696,-30.4143,2.15901,30.1513,-6.15257,-6.98644,5.34236,-7.54396,4.54169,6.07293,
184.351,66.6007,-29.1078,-9.78716,-22.5879,4.85861,31.579,-15.0918,-13.3022,3.34755,-5.97041,6.12525,3.27108,
205.324,62.4839,-40.1076,-16.6563,-21.7505,6.00139,30.0914,-11.6129,-14.8668,4.33674,-9.89534,7.286,-0.19198,
221.277,62.0767,-43.9452,-22.878,-9.79126,4.12025,34.0208,-8.57328,-15.9086,11.0383,-12.9264,9.07499,-0.385623,
238.299,49.6944,-46.9624,-24.3904,-7.3522,4.68759,28.7054,-8.97337,-19.2806,7.20187,-12.9159,9.48238,-5.37029,
250.545,44.3687,-50.7933,-19.6678,-9.34279,12.609,23.6212,-5.3308,-16.8484,4.30529,-7.49045,11.7679,-10.4523,
262.075,36.1781,-50.3604,-14.4094,-9.18475,17.5738,19.1359,-6.56914,-12.4201,1.7649,-5.29978,10.4427,-9.48393,
266.035,25.4039,-55.1182,-11.8344,-8.95743,17.6243,11.5753,-11.4962,-13.3917,0.923717,-8.40049,8.39782,-10.1018,
266.388,22.1311,-56.6574,-12.8016,-8.64884,14.646,10.2722,-16.9758,-12.9796,1.92623,-8.94894,5.84296,-15.0262,
265.749,28.2518,-54.9875,-10.7772,-3.79505,13.8964,14.4432,-18.3304,-7.9374,6.56832,-7.66642,3.10453,-14.4553,
254.584,32.5142,-58.9303,-7.66182,-3.5997,11.8085,11.7746,-18.168,-8.24893,10.1956,-7.68182,-0.142408,-10.2816,
242.797,33.9729,-63.6104,-11.7422,-1.69944,6.34132,5.36653,-18.5879,-6.58817,6.56454,-8.43697,-3.11495,-14.5618,
243.668,38.6403,-65.4118,-13.3317,-3.57527,4.06334,5.88649,-13.5098,0.775578,6.56957,-10.9865,-2.88033,-16.293,
230.875,39.1417,-73.7473,-18.2225,-12.5899,-1.33446,2.50175,-15.6688,-0.771565,1.97203,-16.5654,-9.49116,-14.7552,
226.715,48.9638,-68.081,-10.4679,-8.897,-1.77215,10.0863,-10.4731,4.87395,6.1775,-12.8281,-5.83088,-8.51144,
205.501,50.0282,-60.6799,-4.77711,-4.95624,-9.30928,3.61084,-9.25473,3.01829,7.66769,-12.5845,-8.98244,-4.28209,
175.639,46.4413,-46.8397,-2.1864,-5.95161,-12.9956,-1.84425,-16.3202,-7.35918,5.56678,-16.9846,-13.0416,-2.64765,
159.051,39.5367,-36.6215,13.6365,-1.75958,-4.70234,6.15402,-22.0139,-7.84272,4.50915,-9.83271,-3.27401,2.03669,
151.217,34.5778,-38.5868,18.5458,-6.15982,-5.44943,5.87688,-17.049,1.8007,11.2996,-9.41413,-10.0163,-0.857116,
143.652,27.2367,-31.6657,21.8398,-9.34103,-9.15754,-0.0453441,-19.0488,2.08773,10.7307,-10.5335,-14.9234,0.766028,
136.252,27.4276,-34.4246,20.8936,-9.93588,-2.87535,3.06172,-28.9228,-1.9481,6.92303,-7.92832,-6.27064,4.86079,
139.281,32.4795,-29.6111,21.0068,-7.39486,-9.37376,-2.55909,-21.5618,3.48074,7.96737,-11.728,-3.10648,4.175,
138.117,30.424,-30.6203,18.3709,-7.06168,-14.728,-6.30286,-15.5286,5.73242,2.18948,-14.3441,1.31034,-0.178221,
143.809,31.6135,-30.8613,19.5006,-8.55579,-12.7234,-7.5091,-10.3749,13.6556,0.2156,-9.40886,3.81945,-3.24917,
137.138,30.6205,-32.3404,12.652,-12.7212,-17.1045,-11.8822,-13.4582,8.25185,-7.84029,-11.3876,1.96426,-2.62548,
134.709,37.3623,-24.7755,13.2372,-4.70533,-17.9447,-10.0897,-8.4595,9.09969,1.3052,-9.16264,-1.12899,-0.231981,
128.248,37.3546,-19.6853,10.7224,-5.76163,-15.8541,-5.00748,-9.07589,3.10407,3.94452,-8.3829,-6.18329,0.808037,
118.537,36.2318,-18.8772,6.72825,-7.42508,-16.8112,-8.162,-10.9692,2.22543,0.215867,-11.2022,-9.05144,-1.29362,
107.525,39.361,-18.282,7.34541,-0.62189,-14.0322,-13.687,-12.0289,5.51787,0.804083,-8.0972,-8.59838,-0.936041,
97.161,44.8649,-13.0663,-0.786524,3.05325,-9.9048,-15.5943,-6.16389,3.6089,-0.202036,-7.28803,-6.59468,1.49053,
90.8243,41.4693,-10.1488,2.58767,1.60026,-11.8245,-15.6735,-8.37201,6.59159,2.03294,-6.77442,-14.301,3.34463,
81.7527,39.5471,-5.36327,5.7009,3.62394,-14.3297,-15.5455,-8.67338,8.01247,4.81343,-9.23533,-15.214,-0.117303,
68.1448,36.0359,-0.998284,-0.931383,1.36275,-12.3222,-19.6632,-8.54583,3.20359,2.87593,-11.102,-15.3571,-0.99122,
52.0136,39.7821,7.43738,-5.43147,-0.970283,-9.92985,-22.5547,-11.2224,1.14598,2.90541,-10.2027,-15.5201,-5.63863,
37.6783,40.2189,24.2998,-8.60855,-1.89549,-1.52796,-20.7881,-12.2835,5.61354,6.45531,-9.19395,-20.0134,-8.15551,
35.0885,42.7834,25.7045,-11.9455,-1.53958,1.17873,-16.4563,-11.579,7.98708,0.764453,-9.64012,-19.1277,-12.7646,
23.9817,37.6944,27.0458,-3.631,-1.22838,-5.40658,-17.3376,-8.92228,3.86901,1.61557,-9.4175,-22.696,-16.9282,
8.39737,34.2355,38.0642,5.91653,-5.02731,-8.71748,-12.4601,-8.46643,4.21932,0.136608,-7.8847,-25.9599,-20.688,
11.3553,34.4908,38.9378,6.37679,-2.06362,-7.14278,-17.761,-4.42488,3.66417,-0.318283,-13.5579,-24.2184,-16.537,
-0.988708,29.6363,41.1918,15.0981,-1.85694,-13.1492,-16.9516,-3.3625,4.64127,-4.92237,-15.8579,-21.0914,-13.7947,
-13.443,25.1107,45.4571,19.307,-1.07553,-10.4607,-14.9378,-2.76243,-0.60022,-12.4509,-10.0066,-13.2578,-14.6664,
-16.7843,20.9789,45.9332,21.5462,3.01391,-11.0744,-15.864,-2.2903,0.671664,-8.49307,-11.0089,-13.5496,-13.7791,
-28.016,11.2691,42.1989,18.3734,6.06344,-6.1505,-16.5501,-6.4912,-3.36182,-8.74631,-12.1528,-15.88,-13.3823,
-38.5648,1.89086,37.2263,19.9267,16.2279,-1.21455,-14.1297,-3.69673,-3.32997,-10.2378,-12.1614,-14.4574,-11.8234,
-55.1944,-9.91591,33.1347,25.891,16.942,7.27948,-11.0933,-4.80419,-4.51549,-16.5043,-19.9386,-16.633,-9.52317,
-60.4527,-14.377,30.8606,21.7433,16.7629,6.26543,-13.3733,-14.3498,-11.4894,-15.8831,-12.7833,-9.11253,-7.43471,
-64.071,-13.7789,27.7453,21.6457,14.757,4.72628,-13.1864,-6.01677,-11.1534,-13.1623,-11.2997,-7.08781,-4.93933,
-69.7495,-25.9956,26.601,19.358,13.1144,3.41656,-9.30992,-8.48072,-12.5209,-10.2566,-15.4774,-14.2099,-10.728,
-76.8104,-27.2693,18.9092,11.2278,11.5386,5.75739,-4.04985,-5.3423,-7.15192,-11.8738,-16.5984,-15.9981,-9.06654,
-70.5321,-29.0191,10.9284,8.77881,5.57801,7.95791,2.72815,4.16636,0.636229,-13.4304,-21.6166,-16.9524,-10.3883,
-69.2517,-33.6474,10.7941,10.1517,7.97397,9.17576,-2.55634,10.5525,0.607429,-15.9133,-16.6257,-18.0089,-8.12775,
-70.655,-32.8787,8.38982,5.02562,8.85791,12.6252,2.2333,9.1807,-1.54626,-15.8725,-15.4555,-11.6172,-4.63663,
-77.4332,-35.5586,8.88861,3.68642,8.3092,7.33507,-2.7153,1.16395,-0.352912,-11.2155,-11.8285,-8.61187,-3.13843,
-89.1335,-42.8381,-0.613504,0.416072,15.4326,12.7495,-5.01369,3.32694,2.63815,-9.14077,-8.62006,-11.9818,-6.37007,
-93.8308,-48.6393,1.12514,9.18341,11.4067,6.63059,-4.17482,0.200684,-5.65869,-12.0219,-9.88223,-4.44659,-1.33219,
-96.2123,-49.334,-2.85412,1.58022,8.94529,8.60327,2.06029,2.49041,1.42127,-4.43831,-2.06158,0.393946,-1.44563,
-124.267,-66.7258,-12.2752,-4.19957,6.34749,7.08566,2.24211,7.82479,8.22358,2.10732,8.14969,3.26517,0.688096,
-115.648,-65.2699,-10.6813,-1.50728,7.5815,5.34198,-0.524529,7.79479,14.5477,10.3619,5.89373,0.539875,-2.15265,
-120.776,-62.9901,-5.51561,2.50242,11.1927,9.09495,-0.889079,8.6188,12.3077,7.12528,9.92906,3.66787,3.4402,
-118.361,-55.0599,0.279298,-0.300091,11.5994,5.00437,0.421811,6.68648,10.3947,7.82788,-0.83362,-1.5715,1.84007,
-126.167,-66.2733,-9.18479,-0.148352,12.2109,16.0582,3.88264,10.1152,13.4986,1.41916,1.16881,-4.72557,-1.87978,
-123.419,-62.4111,-8.12916,-4.79665,8.14832,5.4073,-2.61428,6.15444,16.6851,9.04994,2.21593,-0.611792,-2.43859,
-120.39,-59.9175,0.235748,7.44762,12.5963,10.3865,0.895718,1.30425,7.94096,5.5086,4.2153,-2.70639,0.806145,
-119.033,-53.9371,-0.0208979,5.13339,13.7673,15.9904,6.00024,6.65213,3.92467,2.45726,3.34933,-3.72658,-0.176389,
-125.698,-65.5418,-5.86348,0.479597,11.6657,10.6539,0.0221856,6.85895,12.1657,10.2775,2.41346,-1.113,3.72198,
-129.72,-61.3964,-1.72815,9.43363,12.3899,8.2509,0.425084,4.58687,1.6448,1.06233,2.99802,-0.13863,-0.335718,
-115.599,-59.3943,-2.40248,0.796478,7.53135,2.81243,0.472339,7.02562,6.26209,-1.14999,1.25507,-0.299034,1.1483,
-124.615,-68.5262,-5.17663,2.98537,11.4567,11.6243,4.68272,11.7789,7.62887,-1.20776,-0.251301,-1.55093,0.855505,
-118.718,-69.5113,-11.1922,-4.22209,10.787,10.597,1.15873,4.89797,4.31789,-2.65173,0.053705,3.58457,-0.751674,
-118.904,-58.8537,-6.88411,5.87859,11.9579,9.73594,-0.798809,2.90486,3.22953,-0.640745,-2.92283,1.79162,2.51221,
-134.697,-67.2065,-5.48528,3.08591,5.26011,6.24743,0.448767,6.61256,8.97472,-0.450006,-2.16923,-4.19674,-2.65951,
-128.29,-60.807,-6.96484,3.81294,6.64087,1.77219,-1.71344,2.6763,7.9357,0.246964,-0.772506,-4.60682,-0.735313,
-114.123,-56.6205,-5.44809,-5.80079,4.96186,5.34334,-2.07948,3.90552,5.45326,-0.134944,-4.19315,-2.95799,-3.35081,
-84.1485,-45.0855,-1.20433,2.41855,6.85075,-1.2773,-15.7617,-11.2708,-4.92244,-5.25206,-7.77003,-1.58993,5.02004,
-56.2142,-35.7772,-6.68797,2.80356,1.66069,5.60635,-14.6702,-20.9926,-2.05168,-4.34936,-9.19084,4.66241,9.45758,
-40.9625,-33.1849,-19.2435,-5.50129,-4.21524,3.2932,-16.0502,-16.4467,10.5458,1.42981,-4.64311,6.23524,10.6966,
-28.9426,-17.773,-7.94482,-7.04974,8.34495,10.2169,-15.8214,-12.2137,8.91643,12.1826,3.43257,-3.44831,3.22914,
-10.0649,9.61497,17.626,9.46969,21.0118,16.0899,-11.4771,-14.668,0.994128,7.38931,1.55002,-7.36194,-8.616,
27.4601,42.6384,35.938,1.81162,7.31545,3.64468,-6.87844,-15.057,-13.5308,-4.82289,2.95647,2.9456,-5.52331,
62.4502,56.4517,26.128,-10.3375,-1.68804,9.04917,-3.76061,-16.8831,-20.3697,-7.7491,6.85068,1.3641,-6.32491,
74.2617,67.1258,20.9194,-14.673,-5.88226,3.12136,-2.0981,-12.0888,-25.0217,-13.5549,6.04048,5.38405,-8.19231,
83.4311,70.0554,23.4212,-13.2082,-8.57322,-1.32795,2.89515,-10.8967,-21.5988,-8.24571,10.1431,5.07091,-5.64958,
89.5395,68.7657,19.3772,-11.7955,-14.2317,-3.79629,6.16245,-13.434,-22.5152,0.118872,10.0081,-0.218783,-2.91148,
101.565,68.3544,13.3523,-13.0089,-13.5658,-8.56405,4.85114,-7.80153,-21.5722,-1.97469,9.98268,-3.24121,2.81055,
98.5661,68.6428,13.7227,-15.1115,-19.8808,-8.99409,4.5509,-5.59212,-24.0341,-3.85862,8.60466,-4.0887,4.42789,
89.4169,72.3497,22.3899,-17.7295,-16.3207,-9.14892,3.60764,-7.11584,-21.839,1.1392,5.59312,-3.76016,5.9533,
89.8918,70.2606,23.2029,-15.7621,-15.5471,-8.73171,-3.24701,-10.2384,-11.4453,-3.12864,3.98337,-1.26827,4.78409,
88.7697,70.4875,24.5572,-15.6391,-16.2189,-7.62112,-2.35802,-8.97796,-10.3182,-1.1467,2.74822,-0.537113,2.05091,
87.1823,70.8347,27.0762,-16.2638,-21.5139,-3.74677,-0.396395,-8.62438,-12.1498,1.32998,0.398675,-1.53553,2.53011,
86.1069,73.5188,23.7493,-13.7656,-23.453,-6.77868,1.61637,-9.80475,-9.48307,-2.56633,3.47108,-6.67454,4.71228,
86.7304,72.659,25.6852,-14.3455,-24.2882,-9.7185,0.746981,-7.35666,-11.0641,-0.134453,-1.13172,-3.34364,4.00949,
90.3067,69.7938,29.4428,-13.6209,-26.2385,-9.2833,1.49852,-8.54319,-11.8212,-0.00320911,0.762173,-2.72249,3.46619,
88.6903,72.9465,29.9809,-15.9669,-23.8645,-8.06003,-0.291218,-9.67078,-9.88998,-2.81595,-0.0363519,2.35489,4.44725,
87.3944,71.2609,31.5906,-13.1218,-25.4039,-6.5176,-0.295276,-11.674,-15.133,3.93763,2.98237,-1.04691,5.3443,
93.9522,71.1673,27.7541,-12.9433,-21.8616,-7.47501,-0.454501,-11.7461,-13.248,5.06491,-1.74723,1.98548,6.91645,
97.7765,66.8153,20.4207,-9.57921,-22.6504,-12.9593,0.306952,-17.91,-14.2195,5.44782,-3.67141,0.474374,7.95223,
104.211,65.8268,22.4764,-5.05298,-26.485,-11.4596,6.90992,-17.7426,-14.9394,6.59521,-1.51275,2.47318,9.08765,
102.602,65.614,23.3385,-4.17703,-27.0357,-9.34714,9.96341,-20.9987,-14.9276,9.48984,-2.25602,5.56138,8.78253,
109.61,61.9274,16.4034,-6.48226,-25.0748,-12.2031,5.84778,-19.9347,-15.663,5.40161,-4.65219,4.54537,10.0063,
104.033,63.3036,25.1054,-9.43706,-24.2837,-12.9926,12.339,-22.3652,-16.1215,8.65796,-3.0142,6.67458,8.91916,
102.697,64.0033,25.8547,-10.2933,-23.5539,-12.8892,10.6198,-19.3537,-14.3334,8.3627,-3.45027,7.5078,7.43699,
109.943,60.6,22.0622,-11.6357,-26.2469,-10.7737,3.65531,-17.1004,-11.6989,5.43014,-5.63674,5.43145,5.829,
110.92,63.9081,25.0654,-13.4746,-25.8093,-9.77161,7.50927,-13.1319,-15.3952,11.8249,-6.52691,6.10531,4.12192,
110.826,65.0591,25.0527,-17.2026,-23.0279,-13.5012,12.7563,-12.7879,-17.8555,11.8134,-4.28846,2.09458,6.8855,
115.553,62.8218,17.8094,-16.7309,-27.0459,-13.4095,10.0365,-14.3296,-16.3463,8.80631,-5.9093,-2.39331,9.13763,
119.06,67.7519,11.7563,-11.5616,-29.1982,-9.94807,15.0353,-17.3197,-13.1824,12.9271,-6.03251,-4.71424,13.6047,
128.213,71.1329,2.02557,-15.9991,-27.0183,-1.73098,15.1981,-18.1643,-14.9718,16.743,-5.81259,-5.52214,13.613,
125.322,70.4498,-0.233269,-19.1185,-26.846,-5.55974,16.4737,-17.6534,-12.1787,8.52523,-6.31469,-4.43716,16.3979,
130.154,67.2092,-3.33725,-16.1705,-28.2927,-5.94603,16.5193,-16.6094,-11.9791,7.97491,-8.00245,-4.36855,18.496,
135.264,65.9212,-10.5117,-20.5205,-22.993,-7.42789,12.0248,-12.7911,-10.3805,5.07267,-11.2805,-2.42787,21.9579,
130.345,64.4977,-9.81635,-23.9059,-25.2681,-7.71795,10.1994,-9.26768,-12.2004,-0.3125,-12.1187,0.16297,19.2528,
119.918,62.9489,-6.40581,-29.0378,-30.7877,-5.49934,10.674,-11.7754,-14.7572,-4.04133,-7.97468,-2.00405,15.8623,
115.234,61.9145,-7.34001,-33.7561,-25.9551,-3.50532,11.7974,-14.043,-14.3826,-1.46735,-8.18641,-0.463933,14.1856,
105.709,57.0209,-8.82205,-31.8483,-26.4028,-1.56506,11.4115,-15.0218,-15.2717,-0.239184,-6.98558,-1.94646,13.283,
89.0021,57.436,-5.35538,-32.5356,-23.3736,1.23262,11.6888,-12.2471,-13.0563,-2.22046,-4.30068,-3.34738,13.0732,
73.0575,52.6936,2.72623,-35.0676,-21.2243,9.7053,11.0814,-5.46365,-14.0755,1.33626,-0.294313,-0.705324,12.5613,
51.3725,52.449,10.3956,-35.1101,-24.2263,5.70168,6.05606,-13.9997,-15.6362,-1.56579,6.54261,4.07746,6.14969,
39.9949,45.0475,16.6452,-28.521,-17.5143,3.62616,-8.60893,-14.738,-12.6465,-4.83783,13.268,12.6521,3.29673,
33.3866,41.4011,21.049,-24.6569,-20.4251,0.174749,-5.05811,-11.065,-11.0382,-1.00423,12.6462,15.7947,5.47093,
30.5204,38.8035,25.8688,-19.2457,-16.8379,-3.92033,-4.31741,-6.5192,-5.3746,2.11736,12.1552,13.6893,3.29024,
14.8568,39.0867,26.0375,-19.885,-15.4972,-1.92125,-5.61376,-2.72203,-5.13961,-6.92208,6.68991,13.3036,1.29181,
-0.332458,28.2607,29.3218,-14.3804,-17.5343,-6.46787,-9.10011,-6.38811,-13.1693,-7.61452,7.1169,7.92478,1.6427,
-19.5108,18.2428,29.7838,-14.2302,-19.3909,-12.2784,-16.813,-12.4359,-9.64263,-9.47783,-0.25653,-0.048658,-6.08909,
-29.6363,8.23062,35.3315,-0.269811,-11.3691,-14.5506,-18.6018,-9.0693,-5.61236,-6.71991,-3.18404,-2.51501,-8.81393,
-39.1949,0.843174,31.473,8.00626,-3.08056,-11.6779,-22.2022,-11.1444,-5.45153,-4.10088,-6.20073,-4.56299,-3.36737,
-60.1015,-7.05062,29.3626,10.2136,1.38795,-8.42827,-23.3139,-22.1178,-9.23842,-3.85899,-6.30823,-1.61445,2.1487,
-58.0066,-9.92089,25.4591,14.0947,-0.736817,-14.1175,-22.2209,-16.8015,-8.50373,-7.12685,0.281068,1.34125,-1.50033,
-54.257,-16.5799,30.772,18.1383,-0.135085,-9.57646,-19.6007,-6.83445,-4.88148,-5.80226,1.03631,0.314384,-3.73909,
-68.0645,-25.3806,23.1608,13.0066,2.36101,-3.1913,-20.1921,-11.6194,-8.36967,-5.19425,-0.658551,1.21015,5.29998,
-67.092,-25.9275,12.977,10.8217,7.73141,-7.42852,-17.1722,-8.70503,-7.31042,-5.47697,1.73508,-0.388467,3.85722,
-77.1603,-28.2945,15.7662,3.91699,2.97169,-7.74389,-19.6309,-13.7014,-9.68789,-9.45609,1.18614,2.12612,4.78866,
-80.1657,-36.762,9.1721,3.3513,1.2872,-8.81432,-15.0557,-9.77545,-7.06697,-4.55462,4.5113,8.68661,6.11279,
-90.6957,-46.4032,3.03418,3.82814,3.08214,-6.14827,-20.967,-13.8142,-3.20122,2.06135,10.6672,11.1499,6.09281,
-93.3758,-49.2297,1.49374,0.513191,-4.66831,-9.70885,-17.0983,-10.342,-0.306026,-0.783093,8.7231,12.6732,11.6882,
-86.7513,-44.3752,4.67329,3.44832,1.48321,-10.4681,-22.8796,-9.07571,6.23453,7.15484,10.6436,13.0995,9.8074,
-92.6798,-39.8938,9.87794,5.54744,1.42133,-0.630449,-11.9742,1.01708,6.25033,3.04999,10.7385,10.4606,11.7654,
-94.3671,-45.8959,1.51673,2.70938,8.64898,-1.2594,-8.01831,1.66723,5.27384,7.78168,10.2053,10.1787,7.81068,
-96.9404,-51.9976,-5.29544,0.553501,2.44681,1.40116,-9.27139,-1.82949,5.8451,2.35828,12.8934,10.2914,12.5704,
-100.38,-51.7915,-6.77706,-6.09667,2.45601,-3.4865,-14.9614,-4.29521,6.56336,9.0981,11.4972,10.3985,8.01626,
-122.899,-56.1679,0.875645,9.23799,12.0356,8.57725,-0.775562,1.84078,8.65962,5.47873,3.85748,-2.61904,-0.244256,
-118.36,-52.3362,-1.05382,2.95082,13.8578,17.3286,3.79808,8.2412,4.12761,4.15014,4.20557,-1.43269,0.508024,
-128.267,-65.068,-7.31438,-1.57829,8.3681,9.10111,-0.588752,6.47962,12.3581,8.88942,1.05352,-1.50484,2.18632,
-122.027,-59.028,-1.66377,4.81188,10.0704,8.76592,1.39259,5.09313,4.0966,2.96532,5.8179,0.194905,-0.590334,
-113.035,-59.4218,-3.50839,-0.397403,4.8649,0.346006,-1.99942,3.87413,3.93526,-2.57069,-0.259597,-1.1998,0.645577,
-86.7682,-49.202,4.17409,2.75295,2.0081,-5.0511,-15.2358,-4.53721,-0.0191803,0.64165,4.94911,6.58835,4.60493,
-84.7693,-47.0899,-0.378507,0.546909,2.32691,-4.97736,-12.978,-6.20975,-2.08128,1.74904,6.01997,8.06615,7.12721,
-103.684,-48.7975,-3.46305,5.88805,8.01299,5.27515,-6.14683,-1.46358,1.74282,-0.535945,-0.659806,3.75849,4.34026,
-134.864,-66.4847,-4.69078,3.30508,4.76098,5.31603,1.14043,6.45477,8.92522,0.201288,-1.53436,-4.85072,-2.79316,
-126.639,-59.84,-7.70653,1.75631,5.5583,1.40972,-1.07626,3.79786,7.27682,-0.320039,-1.55611,-3.85381,0.589872,
-113.402,-60.1275,-5.37656,-4.18249,6.88567,8.6602,1.30432,9.77899,10.2677,4.87783,-0.098469,-2.6829,-4.02269,
-125.937,-67.9012,-9.96136,-4.59637,7.59998,8.82196,5.29494,9.53696,11.7003,6.25559,-4.14255,-6.2349,-2.58391,
-118.611,-56.9077,-2.19385,-1.71562,3.06099,7.41252,-0.469501,4.71042,14.8237,4.82024,-0.974561,-4.78795,-0.535426,
-119.321,-63.423,-4.81922,0.350912,3.63612,5.06481,-3.68706,8.19467,13.07,0.601768,4.36953,0.854836,0.437999,
-117.966,-65.2405,-5.29621,2.90355,8.57512,10.1411,-0.68862,11.8883,9.7545,0.944034,4.38927,-0.392364,-1.48938,
-111.572,-60.2642,-1.79162,-1.30598,4.87514,9.33206,1.49333,10.8875,6.59229,2.61748,5.82982,4.07688,5.40535,
-119.277,-66.3257,-14.7889,-7.78064,5.75817,1.47734,-2.57111,11.8194,11.3505,7.19448,2.43727,0.180466,4.42048,
-124.352,-66.6882,-11.6042,2.1925,10.3351,9.27063,-1.47703,5.34697,7.58188,1.18184,0.961689,-1.19139,2.50449,
-82.6449,-35.5214,5.88793,7.87233,13.8799,8.81875,-2.05895,2.05325,3.24454,4.87971,0.38164,1.27021,-4.30737,
-25.435,6.30727,31.3499,14.1031,7.04703,-3.28359,-12.2627,-11.5579,-7.26607,-8.34588,-7.50675,-1.45933,-4.00338,
31.4046,44.1508,25.1006,-6.43908,-1.63627,4.13177,-9.38667,-18.2291,-9.22185,-0.874592,-0.273038,3.2778,-0.669104,
76.1698,58.1505,4.36762,-20.1825,13.1563,15.5893,-26.4609,-29.1274,-7.65576,2.93773,0.149349,-5.1282,-1.85225,
102.081,70.2706,-5.54671,-21.8274,22.5954,19.9729,-26.4594,-26.9316,-0.832654,7.96071,-1.32818,-2.13824,1.8394,
123.534,70.5564,-16.0357,-17.8736,28.4372,8.43692,-30.9542,-16.7436,4.81322,-0.252623,2.01506,-2.2845,-2.65882,
131.579,66.7424,-23.7364,-9.04374,26.1608,-8.15977,-25.3911,-7.69296,-0.943027,-3.84352,8.57678,-8.44208,-10.6207,
139.12,64.7115,-23.8081,-0.894363,24.3286,-11.3927,-23.3933,-0.354338,-6.89661,-1.4566,9.36088,-12.2137,-11.6064,
130.236,64.5703,-19.8732,2.16043,22.2317,-14.6367,-20.4507,-1.68592,-8.91263,0.482019,9.93902,-16.9669,-9.41182,
133.901,61.9216,-25.6966,8.01409,28.7936,-19.2161,-18.8517,-0.0125723,-11.4298,0.89586,6.43657,-14.6326,-8.36638,
150.649,60.5771,-33.9763,11.1797,24.1686,-20.4221,-15.1752,1.20466,-6.82839,0.839254,2.87569,-11.5676,-2.59488,
175.437,53.4883,-42.574,23.0676,13.7194,-29.8785,-10.6459,1.50811,-3.92008,-1.10142,1.17377,-1.99709,-2.1328,
179.586,52.9429,-43.3769,29.4788,10.5538,-35.1771,-8.25761,5.49858,-1.10736,-5.44376,-0.648003,6.11045,-0.833829,
173.342,46.1951,-41.9245,34.4398,7.79077,-38.4477,-7.52676,4.69621,-8.17344,-7.54916,-0.714765,9.51841,-3.78303,
171.449,42.2322,-34.347,35.6588,5.56778,-39.4243,-4.62565,2.78275,-9.58076,-7.41293,1.23768,9.72589,-4.76233,
163.07,43.2306,-31.4206,41.6119,4.58667,-39.1563,0.149231,-0.66105,-8.41164,-6.8044,2.55279,11.0185,-3.10872,
161.167,40.5614,-27.657,46.6696,-0.578906,-34.7037,0.267619,-5.32039,-7.65011,-6.89064,3.36605,14.1646,-6.32441,
158.87,36.4368,-24.5411,46.5537,-3.17525,-37.8074,0.484683,-3.66402,-8.64309,-7.23933,0.240801,14.4156,-7.103,
155.975,34.6379,-25.8996,44.3803,-4.45301,-39.2831,-2.92967,-4.80623,-13.2008,-8.01671,-1.32038,15.2663,-7.31779,
156.538,39.4999,-26.2194,47.5009,-3.24715,-37.7123,1.08505,-3.95689,-8.18051,-7.70783,0.864989,15.4923,-3.56543,
157.492,37.0903,-23.7894,49.6322,-1.2727,-34.4158,0.601562,-7.15895,-9.01896,-5.06052,0.563427,16.9012,-1.29841,
156.868,32.0899,-23.4165,49.4189,-7.06855,-36.1152,1.264,-8.03091,-10.0206,-9.67885,0.671165,16.6665,1.08555,
156.12,29.8935,-22.5527,50.5341,-4.40298,-36.0086,1.15987,-9.21347,-12.9306,-7.31453,-0.393195,21.3578,0.822562,
153.931,30.7129,-18.4195,52.5651,-3.15088,-41.0269,3.77475,-8.62731,-12.0864,-5.82427,-2.42707,22.4052,2.73051,
151.984,30.3171,-22.4702,50.4305,-3.92393,-41.1105,2.19825,-11.0169,-13.2176,-4.69303,-1.8951,18.9406,2.54188,
157.631,31.6609,-20.2229,51.0318,-2.15732,-38.8474,3.2615,-8.71946,-12.1202,-1.26667,-3.36427,21.9509,-0.488257,
158.314,29.4938,-21.6516,53.5349,-5.24533,-37.6118,1.94389,-8.72509,-10.9115,-3.26693,-1.05531,20.0279,0.111745,
155.238,27.3479,-23.2862,54.0937,-7.76291,-39.8989,2.13538,-11.1597,-9.68644,-5.83653,-1.08586,20.0266,-1.43168,
157.049,25.9443,-20.0869,56.597,-8.08762,-37.8569,1.5099,-10.4465,-9.02981,-6.57935,-0.128783,20.3164,-0.443196,
154.762,24.7044,-21.2228,58.0157,-9.06637,-38.7177,0.488123,-8.60015,-8.18164,-5.78659,0.314978,18.8334,-2.1287,
149.951,24.2657,-21.5596,59.2534,-9.51347,-39.561,-3.36695,-10.1735,-7.23855,-7.07064,1.01332,16.2286,-4.4719,
149.07,24.013,-21.5422,59.5824,-8.86445,-41.9706,-0.934788,-9.60184,-4.52939,-8.14153,2.55914,16.0363,-2.06286,
148.129,23.2319,-23.3073,56.2556,-9.55585,-44.4765,1.3807,-11.1831,-5.37709,-10.2813,2.59117,17.2745,-4.99639,
153.1,22.9401,-20.9494,55.5117,-10.4141,-41.4852,0.0923855,-7.50674,-7.4802,-10.4003,2.24895,18.9727,-6.21973,
152.482,24.0936,-20.0278,56.4351,-9.5447,-39.4477,0.984113,-4.20216,-5.82112,-9.34616,3.50464,18.8518,-1.98314,
147.307,23.595,-25.9093,54.6586,-11.5316,-39.8575,-4.57569,-8.00774,-8.18325,-11.4787,1.70181,14.6432,-2.35979,
146.451,27.8013,-22.8924,55.814,-6.58433,-38.1516,-1.89646,-6.19665,-6.13851,-7.35885,2.01631,17.7362,-2.30624,
144.255,25.4952,-21.5665,54.983,-5.043,-39.7192,-1.8551,-7.64585,-7.46425,-7.23651,3.61912,17.3517,-3.86022,
139.799,24.1806,-20.0306,55.1256,-6.96463,-41.0647,-4.46994,-5.99443,-9.91306,-4.946,3.4595,17.9648,-7.59651,
131.813,24.7576,-17.002,55.5405,-7.82558,-40.7535,-2.19553,-6.90059,-9.05897,-3.45034,5.69119,18.6284,-10.6053,
123.702,25.5703,-14.1476,54.1793,-11.0896,-41.6951,0.875089,-8.08075,-12.5146,-4.29458,7.83684,13.8061,-8.77074,
114.139,25.0931,-7.64327,52.7134,-8.76379,-41.209,0.478367,-4.69191,-13.3637,-2.93792,11.7578,15.332,-9.97944,
95.8162,26.1827,-6.50913,46.335,-8.94847,-44.5236,-1.41226,-4.84744,-18.5112,-6.85005,11.7757,9.19998,-12.7784,
82.9365,27.1357,1.82704,39.8809,-5.22256,-45.3622,-2.6271,1.40448,-22.8433,-5.12378,16.3778,4.82588,-6.60331,
67.9874,27.3478,8.30507,33.746,-4.49743,-39.2298,-7.01641,1.54567,-21.9038,-5.85945,16.121,-0.162427,-10.4648,
55.6697,29.4379,13.5952,33.958,2.07022,-40.8986,-7.02332,6.63262,-22.8991,-4.22548,20.9457,-2.46071,-12.6537,
38.9243,25.5318,15.6983,31.5191,-3.22798,-39.4507,-10.4348,3.82775,-23.1522,-4.63831,19.611,-7.606,-15.587,
17.7877,21.8105,28.0656,29.6818,-3.55945,-30.1438,-16.1305,2.05952,-10.3538,-1.52355,14.0836,-6.82888,-12.7403,
6.76834,16.0761,29.6514,25.5376,-3.21544,-29.5375,-12.6273,8.5812,-4.52638,-4.34102,10.0368,-13.1856,-13.1842,
-1.02844,7.62676,20.2343,17.065,-3.55155,-29.2322,-7.1703,12.2065,-9.26988,-3.60978,0.702036,-20.023,-18.593,
-13.1386,-0.0833721,18.1155,18.9194,-0.977471,-24.6803,-6.97482,14.5655,-5.8132,-8.12434,-2.97388,-17.8298,-16.3254,
-31.52,-1.54952,24.3603,13.0414,-0.199965,-13.1014,-12.9176,1.13744,-1.94859,-6.08761,-8.73382,-11.1737,-14.713,
-50.2502,-7.32498,19.619,10.7466,1.79437,-7.57727,-15.8558,-6.60761,-1.32312,-6.11161,-2.8702,-10.5187,-11.2007,
-66.9798,-26.9008,17.2516,11.3644,4.57654,-0.485184,-14.7391,-8.32933,-2.98866,-6.65772,-2.83665,-5.28529,-2.90645,
-70.6861,-38.0424,1.6854,7.27092,10.2298,2.94324,-9.73261,-4.10846,2.50452,2.64545,3.18242,-1.62718,-4.94642,
-99.5688,-43.4123,7.24815,5.79412,12.6309,7.13471,-5.27129,1.70942,7.77814,3.84789,1.95845,-0.337217,2.96646,
-122.007,-56.9258,-1.43805,-0.243716,14.1339,11.1452,5.13168,10.2926,10.1339,2.12291,-1.20925,-2.94207,-0.260291,
-129.179,-69.6443,-12.9793,-5.64155,8.38613,10.9432,-0.00182652,8.54429,16.6895,4.51592,0.947625,-5.36042,-4.43975,
-119.688,-60.4208,-3.73912,-0.576685,9.25616,8.22544,-2.40139,1.85158,10.8749,8.08738,5.13226,-0.11885,-0.401389,
-124.662,-55.8727,2.03935,6.04125,12.9669,10.8048,1.63794,2.1698,6.22763,5.41374,6.26513,-2.88821,-0.668467,
-117.615,-58.061,-5.10158,1.02289,11.2719,9.73857,2.20284,7.61834,5.47349,5.21239,1.89203,-5.50224,1.64179,
-129.7,-66.3393,-4.40458,5.6892,13.1199,10.9512,0.616743,3.40874,9.07666,8.7288,3.68816,0.277037,2.80051,
-122.001,-58.8015,-0.61347,4.25703,10.3295,4.9771,-1.00539,7.07245,4.04858,1.01713,4.06678,0.382457,0.114493,
-118.761,-62.9899,-2.70163,2.1736,7.26129,4.34003,1.82294,9.85133,7.48554,-2.03909,-1.1411,-1.28578,3.14901,
-122.601,-70.0531,-8.75872,0.695425,13.1365,13.6486,6.0051,9.26297,6.09319,-3.30371,0.32324,2.13021,0.553789,
-118.264,-64.1327,-6.66957,-0.0266571,12.5485,10.354,0.319322,4.3314,4.57315,-0.441566,0.141283,1.98278,0.831616,
-123.581,-62.2841,-6.79393,5.71833,8.68267,7.75546,-1.78444,1.61158,5.64254,-1.4848,-2.06049,2.33588,1.95867,
-132.357,-64.0167,-3.59631,4.48621,5.42564,4.47027,0.885244,5.58859,9.0229,0.997001,-0.773949,-4.49516,-1.82905,
-125.885,-60.1195,-9.25505,0.174971,6.28692,3.19408,0.377736,3.96519,7.09705,-0.0897686,-1.58607,-0.958341,1.19775,
-112.401,-63.2011,-6.1422,-3.222,7.06711,8.8529,3.08475,10.549,10.4962,5.34415,-0.213492,-3.70144,-6.5375,
-126.076,-66.6451,-8.33945,-4.65714,8.02882,10.0817,5.6483,9.14461,13.4062,4.29473,-5.96589,-8.83862,-4.41524,
-122.559,-59.3639,-2.1139,-1.03093,2.33227,3.9215,-1.82453,2.98733,12.8511,2.16526,-0.597866,-4.69854,-2.24215,
-116.154,-62.7813,-3.14,1.3778,3.4784,5.82901,-2.73067,9.6994,11.4856,-0.814663,2.96471,-1.00383,-0.937214,
-114.619,-63.5088,-5.8177,0.981237,7.63678,14.2031,2.55416,13.2287,9.67811,2.96359,5.38914,0.669272,0.947222,
-111.947,-60.7658,-1.96034,-1.65767,1.81257,6.85885,3.02294,10.7176,6.10139,2.35503,6.32547,3.98409,5.52668,
-121.822,-67.353,-14.5603,-6.16328,7.64367,3.29128,-2.17102,13.1851,15.0942,7.31179,3.10513,0.0011701,4.81066,
-122.008,-66.5823,-10.6256,2.85931,11.9491,11.1899,3.46966,7.46365,7.27175,1.58227,-0.384887,0.010157,3.05299,
-118.442,-61.6362,-5.72956,1.98882,10.6,8.06482,-0.635906,2.19125,4.58045,5.87486,4.43243,4.16304,-0.582399,
-123.806,-68.7648,-13.3462,-2.51939,8.27171,8.16196,2.5835,7.97154,9.66628,3.22591,10.3371,4.59453,-0.517817,
-117.917,-64.093,-8.63237,0.000303268,7.68084,2.49132,-0.306627,7.19295,13.7419,7.29817,4.5503,0.243508,-1.58427,
-118.493,-65.3427,-7.53469,2.69368,11.3851,8.94486,-0.974445,8.23408,11.2436,7.11997,10.2366,2.78798,0.0777537,
-122.036,-56.6978,-0.3796,-2.60438,8.67997,3.49866,-2.08045,4.50967,9.12821,8.02037,-0.225467,-0.842933,3.32055,
-107.814,-51.959,-2.25586,-2.46332,7.37589,9.16989,-1.08292,5.62462,8.57617,1.05085,5.4415,1.76323,1.3287,
-87.5678,-42.9782,-8.44568,-14.3351,3.26788,5.68239,-9.22798,-5.02666,3.36017,8.66905,11.6316,7.18236,4.10272,
-67.5567,-32.9655,-8.26554,-11.0493,-3.52427,0.626467,-7.16244,-4.90681,5.34769,7.22426,13.4808,10.5391,3.66752,
-64.1051,-30.964,-9.41292,-19.5217,-10.6298,-1.8673,-6.38392,-2.30074,5.68692,5.94083,10.6157,5.81629,1.41166,
-80.2557,-45.0971,-10.4685,-11.8465,-7.06222,4.85234,-4.88523,4.8392,5.71334,7.71268,5.79945,3.01131,1.42554,
-87.7946,-40.1208,-4.95889,-12.1406,-8.52252,2.85391,-6.41126,0.231752,7.62794,10.1093,12.1471,3.05303,-0.00243215,
-81.7853,-43.0226,-2.35907,-12.8326,1.21845,6.3442,-5.385,1.8374,9.25165,8.67749,13.9518,7.05942,-0.297469,
-55.9484,-21.2408,15.4448,12.9011,15.2924,8.12865,-5.00062,-0.306412,-0.266777,-4.16606,-3.08733,-3.90358,-4.92513,
-7.00046,22.4975,36.8869,3.75318,-4.21585,-10.5666,-11.2108,-2.17762,-5.57656,-12.4081,-9.94411,-0.807557,-2.43555,
33.7079,55.633,40.5006,-10.2993,-14.9022,-10.9583,-6.8882,8.22962,-0.853551,-12.873,-7.05564,5.02418,6.37629,
43.9471,66.034,48.3367,-11.4697,-24.223,-4.2973,-1.7094,4.49708,-0.303258,-12.6224,-4.53614,6.01904,5.03511,
50.093,70.7928,44.1414,-15.4393,-27.8733,-5.96973,0.866183,3.75421,-6.54591,-12.5541,-1.33962,1.38988,-0.215987,
61.0472,73.3835,44.4379,-17.0208,-26.7871,-8.05892,3.27426,7.80026,-3.74549,-11.1943,-1.52978,4.45298,4.42535,
72.3129,73.3255,37.0898,-17.408,-28.2197,-10.4661,1.05639,6.18471,-1.56732,-8.37123,-3.44946,3.87368,3.18752,
75.054,79.2117,34.4609,-25.0635,-26.6151,-7.76788,0.456011,3.22687,-0.600247,-8.7699,-4.69224,5.05515,4.62411,
83.4783,80.3571,30.3465,-22.0048,-29.3456,-8.05997,6.24752,4.23328,-1.1403,-8.13301,-1.48336,5.74349,5.88377,
91.19,76.5214,27.542,-24.5363,-32.647,-6.27209,6.15442,2.42983,-5.89978,-4.60908,-0.0560338,-0.436307,7.05752,
97.4292,77.2744,23.3173,-27.339,-31.0348,-5.01272,9.04927,-0.710079,-6.33576,-0.0419474,-3.13734,0.257975,7.64071,
97.4518,79.2776,25.9019,-29.6536,-28.1944,-2.29026,13.865,-2.12363,-7.5605,2.45611,0.501499,2.37991,8.46402,
100.198,77.4273,24.8629,-27.6108,-29.8319,1.0642,10.6102,-2.1117,-5.88341,-0.495048,0.818752,3.39226,5.60765,
92.4453,76.897,21.8883,-30.4675,-28.8653,-2.49331,8.62694,-3.92623,-11.1896,-1.66679,-2.36293,4.81801,1.35648,
98.6299,78.1964,23.1419,-28.5943,-26.8655,3.39748,7.68996,-0.317196,-4.77129,-2.41281,-0.182522,5.80389,3.61658,
90.996,82.4592,27.8568,-33.6081,-26.7383,3.10696,12.8569,-1.3417,-5.8319,-2.98568,2.50673,1.98388,-0.0659955,
94.7023,77.9749,21.4932,-38.4709,-25.8129,-0.901126,6.02401,0.623003,-7.48101,-7.0246,-1.12757,-0.568981,-1.74957,
95.3695,84.6855,23.6047,-34.9183,-25.9259,8.68344,6.93064,3.3851,-2.90901,-1.86904,1.612,-0.176888,1.28387,
96.9338,84.5518,21.4237,-38.7411,-24.8829,9.06499,4.67228,1.88304,-5.64002,-0.859497,-0.146466,-0.170319,0.0869939,
91.8388,86.658,26.5274,-41.6119,-25.1312,8.59319,7.70744,-1.80908,-3.19053,-1.10262,0.879161,0.888578,-2.77809,
106.296,82.9747,18.5354,-36.324,-19.5783,4.29592,5.17806,2.55318,-1.41165,-0.952693,1.81176,2.35528,-2.29584,
107.291,84.3666,17.791,-37.9286,-21.4616,3.05105,9.17432,1.01482,-1.58045,-1.66335,2.56045,-0.33401,-2.55323,
107.74,84.1408,16.2816,-39.3232,-27.0042,4.87384,10.178,-2.01464,-1.05868,-2.94608,0.450195,0.185299,-4.29623,
114.642,84.7543,12.4478,-37.5367,-25.9585,4.93627,11.7595,-0.0472736,-2.09265,0.989116,-3.74267,0.0535535,-0.52724,
112.425,84.7653,9.88134,-35.1974,-30.6428,5.64014,14.1204,-4.26402,-0.673762,-0.76003,-5.24664,-0.810676,0.56882,
114.838,82.9775,10.3451,-35.8023,-28.9599,3.51538,16.9982,-2.26072,-4.68713,1.79328,-5.7272,-0.965164,2.08844,
120.81,80.2445,9.50047,-33.6858,-30.2357,5.71837,16.2224,0.0102367,-4.14717,2.01997,-5.97974,-0.378629,1.55625,
123.331,78.1891,6.21675,-36.1365,-25.9335,3.59493,12.133,1.45224,-0.783032,-3.86746,-4.23935,1.29116,-3.26282,
117.313,83.0861,10.7413,-38.2399,-25.2313,8.53951,12.0511,1.8554,-0.129947,-1.37962,-3.59791,1.27467,-1.93123,
118.308,82.2813,11.1361,-38.8719,-23.722,8.83304,14.0366,1.38075,-0.808228,1.14464,-2.98954,0.196502,-0.141409,
113.031,83.8374,8.96584,-38.457,-26.9716,9.56917,15.2606,-1.9606,-0.952025,1.26932,-6.01597,0.251837,-0.527154,
113.999,78.5092,6.73973,-41.5954,-26.8102,7.02386,12.1204,-1.08766,-3.1534,-1.98775,-6.5505,-1.50371,-0.689503,
111.667,82.3614,10.4042,-41.2674,-24.4508,10.5212,15.8702,-1.52227,-1.79321,1.44032,-5.24819,-0.683804,0.574987,
114.671,82.63,7.83308,-40.0235,-19.618,10.7939,13.8971,2.82224,-0.866923,-0.56329,-3.32479,3.36935,-1.07674,
111.099,81.8881,6.74895,-41.5849,-21.3908,13.0733,12.0883,3.01309,-2.55535,-5.38749,2.26004,0.726122,-2.13566,
106.785,79.6671,5.46545,-42.8252,-23.0302,13.0924,11.9856,0.0050602,-4.23773,-5.34082,-0.706737,2.33779,-6.56281,
101.097,76.6174,6.06595,-48.4734,-21.2881,12.6664,7.92227,-0.316469,-7.28122,-5.78342,-1.26217,-1.71051,-7.23692,
103.101,76.1782,9.91719,-45.4865,-18.6084,13.5739,13.0836,2.30233,-5.62412,-4.26163,1.2821,-0.139153,-5.50562,
91.4838,75.439,14.631,-42.6668,-21.2634,15.7663,13.4578,4.94321,-4.39846,-5.2428,0.806154,-0.319048,-3.72651,
71.5354,71.9465,20.0407,-38.5525,-24.8607,12.3783,13.2496,4.55018,-2.45937,-7.42237,-1.31824,2.81428,-6.22156,
59.8725,58.6181,19.8765,-31.9664,-22.6352,3.77914,6.80892,2.62643,-4.44446,-7.71057,0.453125,-3.42889,-7.73463,
36.1143,46.3101,25.2941,-26.419,-24.24,0.628141,8.41258,3.2702,-1.91543,-6.22879,3.19721,2.05739,-2.42581,
19.441,31.3969,19.9426,-29.1225,-25.8515,-1.35716,1.34354,8.1762,6.28763,-5.43295,4.68506,3.9486,0.190002,
-8.28036,17.645,16.5231,-26.6123,-28.9053,-12.9827,-2.08647,7.82896,3.51723,-4.23991,-10.9249,-6.48282,-0.0399626,
-33.6961,2.3453,13.1943,-20.0078,-24.8667,-8.48533,1.94799,9.08068,4.89473,-7.50648,-3.16633,-0.525424,2.57701,
-62.0312,-21.0396,6.59511,-19.419,-14.834,-4.32487,2.01424,8.66452,4.16553,-6.58516,-3.86571,4.99985,7.45367,
-67.5045,-30.3282,-3.08049,-14.8718,-7.59118,-1.18453,-1.14128,10.5728,12.4905,7.61144,-0.545749,1.75313,4.48648,
-61.8957,-19.2676,6.64516,-9.75462,-6.37761,-4.60047,0.34657,9.8791,9.48034,0.054621,-5.95553,-1.58541,2.23481,
-77.324,-31.8593,3.10839,-4.30512,2.02191,0.43152,-7.55141,8.46116,4.84979,1.73596,-0.430166,-0.687847,5.11385,
-98.432,-43.426,-1.99434,-3.88679,-2.17328,-1.48429,-3.07245,7.36928,7.99323,2.30787,3.3864,4.43418,6.45938,
-114.381,-58.9783,-3.19087,-1.36301,5.2169,3.67221,0.325236,6.11189,4.11595,0.907698,5.94203,0.559356,0.42589,
-121.864,-65.7073,-4.51409,1.76797,8.07568,6.56207,2.35564,9.65378,6.6056,-1.87713,-2.16745,-3.2024,0.26112,
-118.783,-68.8033,-5.61154,1.7672,12.4175,14.0556,5.16889,9.62943,7.53389,-1.72253,-0.193578,1.57418,-0.214299,
-114.686,-59.2783,-4.91314,0.20088,11.0119,8.43988,1.73635,7.6116,4.98867,0.510507,1.4719,1.20091,0.338227,
-94.8498,-41.4152,4.68011,3.80703,5.71006,11.5846,5.32497,8.67005,9.27492,4.68132,1.91868,1.87465,-0.487901,
-104.118,-41.7997,8.6347,14.847,17.3025,15.9859,10.3537,11.14,13.3953,7.03776,4.94802,-0.594167,2.25494,
-97.1381,-40.6712,5.5092,10.9927,18.2833,16.4258,9.62136,14.4486,10.6,2.89974,1.77898,0.958783,4.47802,
-81.8596,-37.6818,13.7669,10.7684,16.1457,16.072,6.72678,10.7991,11.3269,8.22492,2.87179,1.04466,0.354223,
-91.197,-34.603,10.7332,10.9332,20.3042,18.0297,9.37535,11.1869,16.5749,7.90304,0.870095,2.40109,4.23432,
-87.4872,-34.611,14.2011,12.784,18.1232,15.9262,4.30248,7.97058,15.7097,5.96918,1.85613,5.49368,7.37055,
-78.5849,-34.97,14.3032,12.2053,10.943,11.0627,0.180679,10.461,12.385,5.53154,10.0488,5.73855,7.19077,
-67.7835,-38.0188,8.57158,5.87904,0.912768,2.86301,-6.85503,5.20928,11.4797,6.88182,16.388,16.0787,13.8618,
-74.3653,-38.927,6.82068,3.02439,6.56099,2.21949,-1.32465,11.4501,10.3707,11.8048,18.873,14.7764,13.7849,
-92.2823,-38.2463,8.396,8.43715,17.1612,10.9313,-1.59377,11.5091,14.9661,6.33749,8.49558,9.62816,9.48783,
-91.159,-42.1076,4.20573,6.58015,10.4482,7.32521,1.00309,8.47509,9.82831,5.4001,3.64067,9.65255,9.59007,
-89.975,-46.3463,-2.26238,3.65338,16.5734,13.6672,2.25256,6.37549,9.15253,6.93614,8.32874,11.1543,7.99765,
-120.108,-66.1811,-12.1434,-5.98753,6.3848,5.2969,-1.57567,7.1743,9.63273,1.48418,7.3392,2.49922,0.481263,
-103.543,-61.0115,-14.9692,-5.6361,5.38161,2.27611,-3.14807,5.61345,13.4654,8.56315,2.69747,-0.468455,-2.91651,
-86.5229,-41.721,-1.96598,-1.97795,5.17699,4.81785,-6.01623,-1.3195,1.33153,1.42204,6.53528,1.68866,-0.96574,
-33.2796,6.31643,29.2438,10.2235,3.51057,7.51454,-1.14369,-1.62318,-5.79675,-5.59132,-0.416588,1.26655,0.789567,
42.2859,52.8875,17.0275,-24.7511,-13.3968,8.03155,-0.0112364,-3.18852,-8.48127,-10.9594,5.31811,-0.433853,0.482351,
82.9439,67.724,6.86436,-43.4158,-13.2677,10.4348,1.82291,-8.54572,-9.25107,-4.77205,0.647113,-3.50058,-9.3895,
109.053,73.3478,-8.05757,-41.0643,-9.5036,17.0067,11.5859,-3.55196,-9.59703,2.51398,-3.94354,-10.4435,-0.465483,
123.335,74.3602,-19.825,-38.6376,-4.9163,15.0708,16.5249,-0.104181,-10.238,0.787487,-3.98175,-16.9742,6.53278,
141.689,68.2075,-28.1639,-31.8901,-2.84396,14.9636,19.6368,2.57611,-11.217,3.57962,-2.88535,-17.5292,5.5188,
144.929,68.7849,-37.601,-32.9165,1.88606,13.9904,20.1395,3.23014,-12.6511,1.31575,-0.557587,-17.6568,3.11867,
155.756,67.8746,-42.3002,-33.4294,4.46278,11.4238,20.1302,8.21634,-12.9126,2.89029,1.68401,-14.6769,-2.12358,
160.428,67.3002,-45.854,-36.4515,6.11262,10.7847,17.2371,10.9837,-13.4292,0.0337086,3.66038,-14.9475,-4.66307,
162.518,68.5547,-49.1926,-31.0161,9.04335,13.0914,20.8275,11.2047,-9.71895,2.14492,1.44049,-10.3073,-3.18429,
162.722,64.2895,-53.6461,-28.1077,7.74475,13.7604,21.5132,8.03075,-10.2189,1.88322,2.39051,-11.833,-2.79532,
171.071,55.4887,-55.3503,-22.4441,10.2969,17.3864,21.8307,4.72972,-6.59433,6.60919,2.11811,-10.4674,0.734128,
165.015,56.9238,-55.2719,-22.7683,14.5077,16.2589,21.52,-0.781478,-8.3066,8.91295,0.708189,-12.5677,-0.544002,
177.731,56.1914,-55.0203,-17.6834,14.7071,18.1028,19.6975,-3.22764,-6.40737,9.85859,-0.841713,-9.13102,-0.508008,
178.338,57.8491,-57.3636,-19.9773,12.7151,16.9002,17.5092,-0.19145,-5.40104,10.0126,-3.63522,-10.8996,-1.01279,
174.358,59.5477,-56.8956,-21.2351,12.9314,17.0435,15.6303,0.846414,-4.38792,6.55008,-3.02341,-7.76435,-1.65297,
172.201,60.2522,-56.9587,-18.1941,15.8299,11.6939,16.6394,1.41291,-4.91455,3.39536,-2.61092,-9.8834,3.73712,
168.876,63.5067,-54.7369,-18.2917,12.6187,10.9459,14.4712,3.79356,-8.84371,4.60864,-2.9912,-11.6855,1.2176,
168.471,59.6927,-48.1209,-14.649,19.4384,10.3636,10.5461,5.65495,-4.55314,5.86347,-0.869923,-11.8612,2.40961,
160.326,53.9501,-50.5311,-15.1423,15.8075,1.29379,10.6569,1.86983,-7.75707,5.63456,-4.55839,-15.4072,-3.5459,
163.518,55.6063,-53.845,-14.2975,19.2466,4.21519,11.5017,6.59168,-8.74513,2.99147,-4.12721,-11.5271,4.81699,
151.499,55.2618,-55.4108,-18.7146,18.4841,5.20053,7.43224,9.07965,-5.45033,-2.26143,-7.89645,-4.56121,3.59049,
140.748,51.6772,-55.1269,-25.4239,14.6961,6.20904,3.93578,12.522,-5.67917,-10.6204,-3.67233,-6.21894,4.70296,
126.531,52.4443,-46.62,-24.6395,14.9953,1.67573,6.664,13.3318,-7.97255,-9.50444,-2.52208,-6.04007,4.61914,
120.174,50.4763,-39.5334,-13.0266,22.9731,2.12384,2.23884,14.6408,-1.4809,-11.9742,-1.19559,-3.74993,5.49036,
112.48,47.1279,-35.9635,-5.37457,24.7921,-2.42773,0.926008,19.6768,-6.08156,-8.62929,-0.215344,-3.63172,6.11234,
99.5401,43.0785,-33.8982,-7.85922,25.7439,-9.20925,1.60335,17.5399,-6.43245,-7.6597,2.45786,-8.93421,-2.12214,
79.3917,38.7589,-21.2935,-7.70388,22.649,2.21584,-3.32733,11.265,-1.54346,-7.69138,0.968036,-6.69793,0.650701,
57.321,37.0078,-6.442,-4.59014,18.8109,3.79825,1.1232,9.71774,3.14776,-8.3419,-2.41844,-1.1207,-1.55623,
34.0079,28.9195,4.51178,-4.99224,14.4719,12.9854,10.4728,15.2643,4.88577,-6.75131,-3.36737,-2.67912,-1.76352,
7.06409,21.2972,12.0689,-5.70479,5.87232,16.6414,16.1924,18.92,4.8885,-11.1511,-5.08921,-4.79555,0.0846684,
-20.5858,5.18029,14.9249,-3.22001,4.53031,15.1405,20.9971,21.5049,6.13564,-5.11581,-6.11362,-1.1566,0.0657093,
-46.1213,-7.2521,20.633,6.12648,7.03441,15.0777,14.7566,15.0004,3.28922,-15.217,-15.1947,-9.79716,-3.48989,
-54.9773,-12.8193,27.1613,12.8678,14.1988,19.1878,16.2315,16.5332,1.13622,-16.5354,-13.5216,-9.60874,2.11863,
-60.1051,-19.1801,17.6482,6.28105,15.2222,21.709,14.9267,15.6161,-1.87008,-16.3218,-19.3233,-8.36107,-0.133243,
-69.6285,-34.455,10.157,9.18056,14.7078,19.1786,15.4469,13.893,-2.77403,-19.8348,-14.1512,-2.08073,2.01785,
-79.4902,-42.7322,-3.02425,3.08691,10.2025,17.1358,9.89728,9.26684,5.92471,-9.72419,-9.11557,0.380269,3.04894,
-92.9955,-45.1635,-3.41303,1.12002,6.50785,8.50117,5.76593,10.6908,-0.420782,-10.325,-6.86833,-5.44394,-3.14256,
-104.687,-47.0084,-2.25407,1.72113,5.33166,5.32562,4.22265,8.68551,4.42139,-2.56396,-5.63108,-4.92294,3.59276,
-102.027,-55.7689,-3.55176,-4.08418,2.4697,6.29918,2.81007,7.99171,7.19427,5.48058,0.567513,-3.0583,-1.98053,
-127.251,-65.6094,-10.3284,-4.56227,8.89953,11.5689,5.75541,10.3935,14.2513,6.30904,-5.04996,-7.37835,-1.60959,
-118.721,-58.0384,-3.40692,-1.16904,2.07329,4.18489,-2.15766,4.76151,13.4557,3.49276,0.0314929,-2.82789,-0.206165,
-117.014,-61.6086,-2.89152,1.64891,4.73354,5.06875,-3.66196,10.5186,12.5733,-1.11589,3.6093,0.0859432,0.549913,
-116.719,-64.1889,-6.20526,1.21599,8.87736,12.4737,1.13232,13.1551,10.8291,2.112,4.72202,0.618071,0.4793,
-111.084,-60.3017,-2.92122,-2.48244,4.43146,6.67971,1.59532,10.6911,7.54776,4.42397,5.74442,4.96021,5.89578,
-121.955,-67.2463,-15.1746,-7.24181,6.32967,1.87966,-4.64468,10.7538,12.1349,6.38995,1.61054,-1.19807,3.05677,
-123.522,-67.5583,-11.1264,3.94282,11.2737,11.2625,3.0241,7.34607,6.5175,1.23678,0.29941,-0.289114,2.12364,
-118.711,-62.0741,-5.87831,2.02585,10.6957,8.09129,-0.912544,2.16003,4.57907,5.889,4.36749,3.87621,-0.547553,
-126.003,-71.8561,-15.0716,-3.85004,8.83714,8.22351,1.65568,8.28395,10.3586,4.69968,10.4628,3.86445,0.447417,
-113.583,-60.5519,-7.36954,0.445997,8.70307,3.28687,0.759852,9.12968,14.9036,8.02277,3.34823,-1.02486,-1.81594,
-116.854,-64.9388,-7.07816,3.14365,12.4585,9.15227,-1.25634,7.05769,9.69944,6.95636,9.32759,2.84088,1.46277,
-122.176,-57.7953,-0.889717,0.273858,11.0832,5.4963,-0.647434,4.42774,8.80586,10.6666,0.863084,-0.480642,3.47237,
-122.23,-62.1397,-4.36977,2.98535,16.1943,16.137,5.68551,12.3673,12.4855,0.440342,0.928332,-5.01477,-2.01342,
-130.439,-69.628,-12.8792,-8.08243,6.99468,6.17329,-1.75519,8.51887,19.3015,9.14004,1.03497,-1.96183,-1.96052,
-120.385,-59.7653,-0.61743,8.51128,11.275,8.4598,-1.9965,1.64233,8.85341,5.34235,3.18255,-2.87758,0.229981,
-123.93,-51.2088,0.950261,4.93199,15.6572,17.1545,3.67342,3.86609,4.01382,3.17866,3.66131,-2.50963,-0.661192,
-123.078,-60.9963,-6.39893,-2.28884,10.4832,12.5093,0.835656,9.74592,11.3214,8.87431,3.12175,-0.366615,3.66188,
-129.21,-61.985,-4.14609,5.42378,8.11383,8.3602,1.95604,4.21999,4.88049,3.40758,2.24546,-1.55596,-1.93544,
-115.253,-59.4836,-2.79785,-0.793582,7.33463,4.35274,0.80691,6.14949,4.098,-1.144,3.27945,-0.511599,-0.850655,
-123.853,-67.2436,-4.6766,2.68896,10.5565,9.82168,3.29424,10.7679,7.00245,-0.556859,-1.93508,-3.2376,-0.133576,
-117.645,-69.1651,-8.61562,-1.64394,11.9845,13.2613,3.41707,6.59763,4.90594,-2.62617,-1.22104,1.6142,-0.454582,
-117.481,-59.0165,-6.41739,3.65371,12.2479,8.31559,-0.696009,4.58214,3.18053,-0.89008,-2.74149,-0.288353,0.665209,
-128.402,-64.6628,-5.69192,3.45322,7.95709,7.00639,-1.07132,5.02655,7.73954,0.160856,-0.552168,-0.510161,-1.29987,
-129.437,-61.6003,-5.61912,4.00307,5.95215,1.96079,-1.56377,2.97346,8.09669,0.531729,-0.855948,-5.27567,-1.46097,
-121.56,-59.3483,-7.87375,-5.80335,4.49286,5.25791,0.127523,7.44447,8.58019,2.68457,-1.70105,-1.47387,0.0823319,
-116.192,-65.9367,-6.91305,-1.69735,7.16172,7.89821,4.69421,10.7372,10.44,5.54355,-1.87719,-4.60835,-5.56925,
-123.71,-59.798,-5.21859,-4.05402,6.35155,12.6727,2.8739,6.65614,16.2551,5.60373,-4.11503,-7.98698,-1.69745,
-120.728,-62.3927,-6.32848,-1.39215,1.70763,2.25174,-4.27995,4.70263,12.007,1.94256,3.20242,1.05268,0.993431,
-117.589,-64.3777,-1.99281,3.66115,5.76301,5.98669,-3.81098,9.97925,9.29698,-1.14019,3.61301,-2.63016,-3.58978,
-113.133,-61.1947,-3.62109,-0.669738,7.57397,13.6744,2.09675,12.7276,10.1993,2.623,3.97965,1.2279,3.30628,
-114.425,-63.0586,-10.2597,-6.01889,3.88482,2.9198,0.0547755,10.7922,7.56028,5.38121,4.90149,3.57231,5.98304,
-125.059,-65.852,-12.3107,-2.17618,8.35904,5.0847,-6.27564,6.79025,10.9338,2.79015,1.06117,-1.26713,2.98677,
-120.508,-64.5957,-8.28465,3.6269,9.34199,9.05673,4.69922,8.0303,4.65309,3.97439,1.76066,3.7171,1.09785,
-120.523,-67.5404,-9.67832,1.29363,11.2301,7.3665,-2.59706,0.941868,6.74095,5.52707,6.81203,2.75406,-3.03607,
-125.009,-66.8665,-11.2938,-4.84916,6.8138,3.87096,-0.836981,7.12504,7.8679,1.92613,7.81336,1.12854,-0.0440014,
-108.202,-63.4433,-10.1845,0.174074,9.79985,7.07137,1.59297,10.7117,14.6591,10.2387,5.8489,0.42069,-2.25346,
-124.785,-59.9761,-1.88172,3.44154,11.9997,9.24905,-1.89551,5.69578,10.3729,7.17022,8.04199,2.75103,4.08216,
-118.949,-56.6976,-0.539581,1.21003,14.9925,9.72187,4.15452,8.78867,10.606,7.07321,-0.177442,-2.20634,1.05052,
-123.452,-65.6847,-8.67758,-1.0531,11.0056,14.0013,1.29364,8.7547,14.1975,2.54774,1.18681,-4.83744,-0.693522,
-124.969,-62.872,-5.82911,-3.07362,8.7689,6.09577,-3.48774,4.70401,14.4243,8.23643,1.90566,-0.048636,-0.280002,
-124.818,-57.2885,0.820426,9.65145,12.6252,9.22968,-0.323882,2.19936,9.33751,5.60348,3.39988,-3.3048,-0.404873,
-118.36,-52.3362,-1.05382,2.95082,13.8578,17.3286,3.79808,8.2412,4.12761,4.15014,4.20557,-1.43269,0.508024,
-126.97,-64.9172,-7.26687,-0.802706,9.64887,10.0261,0.398525,6.51469,10.8656,9.53722,2.57962,-2.10481,1.04675,
-113.465,-55.136,-3.29328,2.24824,4.02423,0.23892,-1.75601,8.22978,7.89573,3.85057,3.37275,-2.86048,-3.4638,
-94.6053,-50.5558,-6.51384,-6.33261,1.68877,-5.28633,-6.3053,12.4518,15.8783,6.95958,5.76628,-0.743478,0.337699,
-112.76,-62.1133,-3.82179,0.158171,7.15512,8.27006,1.02671,11.4129,9.88425,3.97111,1.27755,-0.918059,-2.52157,
-118.228,-67.0421,-8.92523,-2.85674,10.6312,8.49734,0.151784,6.03888,5.73105,-0.320254,0.747808,1.77245,-0.693626,
-119.136,-59.523,-7.74519,5.97382,10.3362,9.04006,-1.75008,2.04265,3.86754,-1.1547,-2.90023,2.19944,3.01654,
-134.864,-66.4847,-4.69078,3.30508,4.76098,5.31603,1.14043,6.45477,8.92522,0.201288,-1.53436,-4.85072,-2.79316,
-126.639,-59.84,-7.70653,1.75631,5.5583,1.40972,-1.07626,3.79786,7.27682,-0.320039,-1.55611,-3.85381,0.589872,
-113.402,-60.1275,-5.37656,-4.18249,6.88567,8.6602,1.30432,9.77899,10.2677,4.87783,-0.098469,-2.6829,-4.02269,
-133.632,-67.6781,-4.36675,1.06786,6.49937,8.16235,5.41763,9.03856,7.45438,4.4799,-0.403453,-2.61231,-6.44505,
-204.622,-63.6237,-0.0615926,3.63957,-1.29411,-3.2211,3.74817,12.2369,15.3668,7.55724,-4.82697,-1.39727,0.20108,
